 0.0019964, 88
0.0039891, 142.44
0.0046275, 142.44
0.0056387, 141.08
0.0066055, 143.85
0.0076027, 139.98
0.0125894, 142.78
0.0125894, 142.44
0.0135865, 141.35
0.0185731, 143.85
0.0195703, 143.85
0.020568, 143.85
0.0215652, 143.85
0.0269972, 139.98
0.0279948, 142.78
0.0319834, 143.85
0.0329811, 144.88
0.0339778, 142.44
0.0339778, 142.44
0.0349846, 141.08
0.0389683, 143.85
0.0399661, 139.98
0.0399661, 142.78
0.0409627, 142.44
0.0409627, 141.35
3.6760535, 180.01
3.6880581, 0.00
3.6999892, 0.00
3.7131254, 0.00
3.7251775, -90.01
3.7370991, 90.01
3.7500273, 135.01
3.7620486, 90.01
3.7740203, 0.00
3.7819994, 0.00
3.7946074, 0.00
3.8066068, 0.00
3.8195005, 45.00
3.831076, 90.01
3.8440024, 0.00
3.8561339, 45.00
3.8680671, 135.01
3.8800352, 0.00
3.8925352, 90.01
3.9052006, 45.00
3.9174231, 45.00
3.9260453, 135.01
3.9380315, 0.00
3.9501162, 90.01
3.962087, 90.01
3.9750754, 0.00
3.9872168, -90.01
3.9992517, 90.01
4.0120958, 180.01
4.02411, 63.44
4.036594, 45.00
4.0482818, 180.01
4.0603057, 90.01
4.0691442, 0.00
4.0812634, 90.01
4.0930637, 0.00
4.1060733, 90.01
4.1181212, 90.01
4.1301247, 90.01
4.1423626, 0.00
4.1550499, 0.00
4.1671863, 0.00
4.1790467, 90.01
4.1916862, 0.00
4.2001638, 0.00
4.2123369, 90.01
4.224672, 0.00
4.2366821, 45.00
4.2491567, 45.00
4.2611951, 180.01
4.274026, 0.00
4.2860444, 90.01
4.2980105, 90.01
4.3109446, -90.01
4.3229131, -90.01
4.3308914, 0.00
4.3428598, 0.00
4.3558543, 0.00
4.3677442, 180.01
4.3810162, 0.00
4.3928979, 90.01
4.404471, -45.00
4.4174372, 0.00
4.4295761, 0.00
4.4418879, 0.00
4.4545928, 63.44
4.4625063, 90.01
4.4751015, 45.00
4.487128, 180.01
4.4985539, 180.01
4.5111054, 180.01
4.5231022, 63.44
4.53612, 0.00
4.5481408, 90.01
4.5602532, 63.44
4.5722183, 0.00
4.584981, 90.01
4.5979701, 90.01
4.6089992, 135.01
4.6179753, 180.01
4.6299416, 90.01
4.6419112, 90.01
4.6546372, 0.00
4.6668804, -135.01
4.6788757, 180.01
4.6913969, -90.01
4.7036522, 180.01
4.7158514, 90.01
4.7278833, 45.00
4.7408488, 153.45
4.75297, -135.01
4.7650291, 90.01
4.7769662, -90.01
4.7859435, 90.01
4.7979731, 0.00
4.8100147, 90.01
4.8228974, 180.01
4.8347432, 0.00
4.8469344, 180.01
4.8598602, 45.00
4.8718579, 90.01
4.8838303, 45.00
4.8967601, 0.00
4.9088717, 90.01
4.9209067, 63.44
4.932971, 180.01
4.940991, 135.01
4.9539777, 90.01
4.9660657, 90.01
4.9780317, 0.00
4.9903842, 0.00
5.0032194, 45.00
5.0154117, 90.01
5.0274152, 90.01
5.0397762, 0.00
5.0517583, 0.00
5.0603736, 0.00
5.0723383, 0.00
5.0850736, 90.01
5.0971211, 90.01
5.1096117, 90.01
5.1213312, 0.00
5.1339635, 63.44
5.1463205, 0.00
5.1583235, 0.00
5.1710972, 0.00
5.1830689, 90.01
5.1910942, 45.00
5.2032926, -90.01
5.2158451, 45.00
5.2280312, 90.01
5.2400571, -45.00
5.252009, 90.01
5.2648234, 0.00
5.2769615, -90.01
5.2898884, 45.00
5.3018389, 45.00
5.3137792, 90.01
5.3257354, 90.01
5.3385641, 71.57
5.3464408, 90.01
5.3590291, 90.01
5.3709529, 0.00
5.3838798, 0.00
5.3961849, 0.00
5.4079474, 45.00
5.420939, 90.01
5.4330708, 0.00
5.446035, 0.00
5.4570714, 90.01
5.466051, 0.00
5.4781261, 90.01
5.4900054, 180.01
5.501973, 0.00
5.5151256, 180.01
5.5270891, 90.01
5.5391679, 90.01
5.5513509, -90.01
5.5639616, 135.01
5.5759372, 0.00
5.5887336, 180.01
5.600778, 45.00
5.6137446, 0.00
5.621479, 0.00
5.6338736, 45.00
5.6463603, -135.01
5.6585254, 0.00
5.6705518, -90.01
5.6827176, 90.01
5.6945848, 0.00
5.7068057, 90.01
5.7197731, -45.00
5.7317833, 0.00
5.7435975, 45.00
5.7518246, 0.00
5.764783, 0.00
5.7767907, 0.00
5.7889317, 0.00
5.8014277, 0.00
5.81401, 63.44
5.826062, 45.00
5.8380877, -45.00
5.8509959, 90.01
5.8629316, 90.01
5.8750227, 45.00
5.8879887, -135.01
5.8999565, 0.00
5.9079705, 0.00
5.9199392, -33.69
5.9328672, -63.44
5.9449731, 0.00
5.9569546, -26.57
5.968912, -18.44
5.9820743, 0.00
5.9950409, -26.57
6.0060499, 45.00
6.0180175, 0.00
6.0305591, 0.00
6.0427909, -45.00
6.0555194, -90.01
6.0635223, 180.01
6.0756786, 180.01
6.0876705, 0.00
6.1006142, -71.57
6.1122239, -71.57
6.1243189, -104.04
6.1377963, -135.01
6.1496145, -135.01
6.1623232, -116.57
6.1743923, -126.88
6.1860316, -111.81
6.1990268, -123.70
6.2109104, -108.44
6.2238733, -108.44
6.2354304, -105.95
6.2482132, -104.04
6.2603019, -104.04
6.2728794, -95.72
6.28486, -95.20
6.2973744, -90.01
6.3094116, -90.01
6.3216114, -90.01
6.3336346, -90.01
6.3458193, -81.26
6.3587437, -81.26
6.3667272, -85.92
6.3786947, -77.01
6.3916609, -77.01
6.4042279, -70.35
6.4158596, -71.57
6.4278078, -68.20
6.4407972, -68.97
6.4527645, -66.81
6.4650827, -63.44
6.4775027, -60.26
6.4894752, -63.44
6.5017038, -60.26
6.5137166, -59.75
6.5265575, -57.53
6.5388727, -53.98
6.5507957, -60.95
6.5637605, -65.23
6.5757434, -55.01
6.5878591, -63.44
6.599839, -53.13
6.6124861, -60.95
6.6206421, -54.47
6.633088, -48.82
6.6450805, -54.47
6.6570865, -60.95
6.6700708, -54.47
6.6822321, -45.00
6.6941667, -45.00
6.7063962, -45.00
6.7190595, -39.81
6.7310285, -7.13
6.7440316, 18.44
6.7559659, 18.44
6.7680301, 38.66
6.7800394, 26.57
6.7920043, 41.64
6.8051002, 45.00
6.8175009, 45.00
6.8253177, 45.00
6.8375336, 50.20
6.8502111, 49.77
6.8632157, 45.00
6.8749951, 47.29
6.8870067, 51.34
6.8994964, 47.49
6.9122489, 47.49
6.9239057, 53.13
6.9358746, 53.13
6.9478841, 45.00
6.9608989, 53.13
6.9728691, 45.00
6.9849146, 40.60
6.9968754, 45.00
7.0098431, 40.60
7.0218086, 37.88
7.0298025, 30.97
7.0427665, 30.97
7.0543536, 34.99
7.0672783, 28.61
7.0792778, 28.30
7.0911127, 28.30
7.1037574, 26.57
7.1166975, 26.57
7.1283762, 21.80
7.1403258, 25.02
7.1530105, 18.44
7.1650527, 23.20
7.1780731, 26.57
7.190141, 18.44
7.2022121, 20.56
7.2142294, 20.56
7.2271676, 17.36
7.2391769, 21.80
7.2512069, 13.24
7.2630787, 18.44
7.272037, 16.39
7.2840649, 13.24
7.2961503, 13.24
7.3091191, 12.53
7.3211036, 8.97
7.3330176, 5.44
7.345279, 8.97
7.3579733, 5.44
7.3700915, -2.60
7.3820778, 2.49
7.395057, 0.00
7.4071369, 0.00
7.4191413, -4.76
7.4312182, -7.77
7.4431785, -4.76
7.4557957, -7.13
7.468529, -11.31
7.4801767, -13.50
7.4892827, -11.31
7.5016098, -11.77
7.51358, -15.26
7.5255447, -20.56
7.5381755, -23.50
7.5499253, -20.56
7.5628912, -26.57
7.574577, -23.20
7.5872132, -26.57
7.5992482, -25.47
7.6117305, -26.57
7.6233548, -26.57
7.6365294, -30.58
7.6485345, -26.57
7.6605023, -28.61
7.6734683, -25.56
7.6814466, -26.57
7.693855, -30.58
7.7058491, -29.75
7.7183231, -27.55
7.7304172, -26.57
7.7433857, -30.58
7.7554581, -30.58
7.7673214, -32.47
7.7792911, -34.29
7.7923131, -31.33
7.8037981, -31.76
7.8167371, -33.69
7.8287058, -34.99
7.8416723, -30.58
7.853543, -35.54
7.865394, -33.11
7.8743185, -30.58
7.8862885, -34.29
7.8987671, -30.58
7.9107356, -30.58
7.9226635, -28.61
7.9353195, -26.57
7.9472672, -28.61
7.9598255, -22.25
7.9727526, -23.20
7.984308, -19.18
7.9965738, -17.65
8.0094958, -19.18
8.0215968, -16.26
8.0335691, -12.27
8.0455117, -12.27
8.0584705, -12.27
8.0662093, -9.46
8.0782719, -11.77
8.0911064, -11.31
8.1033106, -6.58
8.1151227, -8.75
8.1280288, -6.84
8.1399984, -6.58
8.152017, -4.09
8.1642641, -4.24
8.1771937, -6.34
8.1892231, 0.00
8.2023455, 0.00
8.2140606, 2.05
8.2260052, 5.91
8.2381299, 6.12
8.2510752, 8.13
8.2630563, 7.85
8.2711452, 11.69
8.2831721, 14.04
8.2960591, 17.24
8.3081019, 19.66
8.3201064, 24.78
8.3331881, 26.57
8.3452102, 25.71
8.3572789, 27.48
8.3693392, 28.30
8.3823044, 32.62
8.394272, 32.62
8.4062399, 33.69
8.4182937, 35.31
8.4315097, 36.47
8.4434835, 35.31
8.4556924, 39.29
8.4677069, 43.53
8.4805438, 42.14
8.4925542, 46.47
8.5041537, 48.02
8.517106, 48.18
8.5292263, 48.02
8.5382461, 49.90
8.5502182, 49.64
8.5621844, 53.13
8.5740868, 56.98
8.5870167, 58.24
8.5989852, 60.26
8.6119521, 58.24
8.6229626, 63.44
8.6359, 69.15
8.6478678, 65.56
8.6608349, 69.15
8.6728026, 68.20
8.6850384, 69.15
8.6970051, 74.75
8.7090204, 72.36
8.7219858, 77.20
8.7339915, 77.20
8.7462794, 74.06
8.7591216, 77.74
8.7710897, 71.57
8.7791081, 75.97
8.7919582, 76.61
8.8039642, 75.97
8.8159397, 75.97
8.8281068, 69.15
8.8410631, 68.20
8.8526399, 66.81
8.865163, 67.17
8.8771312, 60.95
8.890097, 57.10
8.9020645, 55.50
8.9140325, 58.00
8.9260004, 53.13
8.9390831, 51.34
8.9513665, 47.12
8.9627445, 40.92
8.9714066, 40.60
8.9840872, 42.88
8.9965011, 34.51
9.008585, 36.26
9.0214289, 30.97
9.0329699, 32.91
9.0449778, 32.91
9.0579039, 27.90
9.0698716, 20.23
9.0818394, 22.38
9.0949335, 15.53
9.1069355, 17.53
9.1190014, 16.70
9.1309695, 12.81
9.1436682, 8.13
9.15555, 8.53
9.1643421, 0.00
9.1765899, 3.18
9.1884697, 0.00
9.2010605, 6.01
9.2129971, 0.00
9.2256298, 3.18
9.2375397, 3.01
9.2496832, 3.37
9.2625086, 0.00
9.274199, 6.01
9.2870809, 3.01
9.2990493, 3.01
9.3070276, 2.86
9.3199935, 8.13
9.3319601, 5.71
9.3439288, 8.97
9.3568939, 3.01
9.3688639, 6.01
9.3815916, 6.01
9.393317, 5.71
9.4052502, 8.97
9.4174814, 5.71
9.4304655, 5.44
9.4421185, 8.53
9.4550841, 8.53
9.4630941, 5.19
9.4750923, 5.71
9.488058, 7.77
9.4999525, 0.00
9.5118615, 2.60
9.5249269, 0.00
9.5369219, 0.00
9.5493686, 2.60
9.5614156, 0.00
9.5739313, 0.00
9.5853376, -4.76
9.5989621, -7.43
9.6067892, -9.46
9.6188156, -7.13
9.6307827, -11.31
9.6427144, -8.75
9.6551171, -8.43
9.6681899, -6.58
9.680398, -9.09
9.6921935, -4.76
9.705021, -6.84
9.7169339, -4.97
9.7296691, -9.09
9.7414128, -7.43
9.753381, -13.50
9.7663551, -9.87
9.7783244, -14.04
9.78633, -11.31
9.7992921, -14.04
9.8111633, -11.31
9.8236122, -9.87
9.8359641, -12.27
9.8482205, -9.87
9.8607999, -12.27
9.872743, -9.87
9.8851537, -10.31
9.8971238, -12.27
9.9110858, -9.09
9.922055, -9.87
9.9339336, -9.87
9.9468743, -9.09
9.9591986, -11.31
9.9704001, -13.50
9.9799624, -9.87
9.9918969, -14.04
10.0038648, -15.26
10.016033, -12.27
10.0279979, -14.04
10.0409624, -11.31
10.0525182, -15.64
10.0653851, -11.31
10.0782561, -13.00
10.0902244, -11.77
10.1021221, -14.04
10.11409, -14.62
10.1270031, -14.62
10.1392345, -19.18
10.1513025, -22.25
10.1631587, -22.25
10.1720053, -23.50
10.1839729, -26.57
10.1958714, -26.57
10.2088364, -27.55
10.2206223, -34.83
10.2333044, -33.69
10.2453039, -39.56
10.2582659, -37.24
10.2702333, -41.01
10.2824889, -42.51
10.2939861, -46.34
10.3064784, -45.00
10.3189873, -45.00
10.3309559, -46.22
10.3435491, -47.49
10.3557107, -55.31
10.3680399, -53.85
10.3800066, -57.81
10.3929723, -66.04
10.4048935, -68.56
10.4128688, -74.36
10.4255292, -72.26
10.438494, -79.12
10.4504934, -80.54
10.4624326, -81.26
10.4744013, -81.58
10.4874401, -81.58
10.4994204, -81.88
10.5115924, -86.06
10.5235745, -87.96
10.5366266, -90.01
10.5483711, -87.89
10.5607821, -94.09
10.5726211, -94.09
10.5856286, -98.14
10.5974347, -98.75
10.6099438, -103.50
10.617923, -99.47
10.6305392, -104.04
10.642606, -105.95
10.6552202, -105.26
10.6671246, -110.23
10.6790601, -108.44
10.6920255, -115.21
10.7039934, -113.97
10.7170225, -116.57
10.7289185, -118.82
10.7413145, -117.65
10.7534785, -117.65
10.7653816, -119.75
10.7783349, -119.75
10.7903029, -125.55
10.8026689, -126.88
10.8144628, -128.67
10.8270105, -138.19
10.8391355, -135.01
10.8511056, -135.01
10.8640344, -133.46
10.8722467, -136.75
10.8842282, -140.20
10.8971689, -138.38
10.9091359, -139.91
10.9209703, -140.92
10.9338847, -142.14
10.9459965, -142.14
10.9578583, -142.14
10.9708521, -145.02
10.9824795, -141.35
10.9954215, -141.72
11.0067735, -138.38
11.0197371, -133.37
11.0317057, -136.75
11.0436759, -135.01
11.0566393, -129.00
11.0686323, -126.04
11.0806054, -123.12
11.0925841, -123.70
11.1053385, -116.57
11.1133156, -116.57
11.1264649, -114.45
11.138236, -116.57
11.1502039, -113.21
11.1631686, -112.84
11.1752095, -113.97
11.1880504, -107.53
11.2000163, -106.71
11.2119306, -105.26
11.2239412, -97.13
11.2368633, -98.75
11.2488311, -92.13
11.2607997, -90.01
11.2737652, -86.06
11.2857473, -84.10
11.2977649, -81.88
11.3102455, -81.88
11.318224, -78.32
11.3302769, -78.32
11.3433913, -75.97
11.3552183, -70.35
11.3679122, -74.06
11.3795307, -67.39
11.3923895, -60.53
11.4044719, -62.45
11.4173062, -59.04
11.4292741, -58.24
11.4411963, -52.70
11.4538926, -45.00
11.466344, -49.64
11.4783308, -45.00
11.4903043, -43.61
11.5022617, -40.82
11.5150171, -40.82
11.52299, -38.05
11.535261, -39.81
11.547397, -38.05
11.5603594, -35.31
11.5722069, -27.48
11.5842261, -24.63
11.5973891, -19.09
11.609094, -13.50
11.621095, -8.75
11.634041, -11.31
11.6460133, -4.24
11.657978, -6.58
11.6709435, -4.57
11.6829117, 0.00
11.6908899, 2.29
11.7036031, 2.49
11.7159474, 7.43
11.727915, 5.71
11.7398825, 10.31
11.7528488, 14.04
11.7652408, 15.26
11.7769598, 18.44
11.7889387, 18.44
11.8019025, 15.26
11.8146004, 17.65
11.8262956, 21.37
11.8383167, 19.98
11.8512816, 14.62
11.8633811, 16.93
11.87594, 15.26
11.883921, 14.62
11.8958882, 15.26
11.9083939, 9.87
11.9202845, 7.77
11.9322511, 7.43
11.9449443, 4.76
11.9568574, 2.49
11.9697358, 7.43
11.9822928, 7.43
11.9949309, 7.43
12.006905, 9.46
12.0186191, 2.49
12.0312833, 2.49
12.0432827, 4.97
12.0512554, 7.43
12.0643658, 2.29
12.0763066, 6.84
12.0883303, 6.84
12.1003287, 4.40
12.1133321, 4.24
12.1250862, 6.34
12.1379903, 6.34
12.1499577, 8.75
12.1620568, 10.13
12.1751144, 8.75
12.1869903, 10.13
12.1989583, 8.43
12.2109262, 8.43
12.2199022, 8.75
12.2320082, 6.34
12.2449765, 6.12
12.2567895, 9.46
12.2687549, 11.31
12.2807228, 8.75
12.2936883, 8.75
12.3060489, 7.13
12.3180153, 9.87
12.3299836, 6.84
12.3419835, 7.43
12.3549206, 4.76
12.3664769, 4.97
12.379431, 7.43
12.3874947, 4.76
12.3996801, 4.97
12.4123488, 2.49
12.4242354, 4.97
12.4362576, 7.43
12.4492319, 9.09
12.4612385, 7.77
12.4733653, 7.43
12.4864604, 15.26
12.4978514, 18.44
12.509824, 19.18
12.5222374, 19.18
12.5348409, 26.57
12.5474995, 25.47
12.5555302, 30.07
12.5674943, 27.76
12.5794624, 26.57
12.5924279, 32.91
12.6047821, 38.66
12.6166927, 45.00
12.6293757, 45.00
12.6413928, 49.77
12.6541896, 59.04
12.6663052, 69.45
12.6782786, 63.44
12.6902468, 67.62
12.7032142, 73.62
12.7155238, 72.65
12.7275357, 77.48
12.7395266, 75.97
12.7475106, 75.97
12.7596278, 82.88
12.7725407, 78.70
12.7845518, 93.58
12.7974045, 90.01
12.809518, 98.75
12.8221499, 104.04
12.8341193, 94.77
12.8460853, 100.31
12.8580547, 108.44
12.8710018, 108.44
12.883098, 105.26
12.8960622, 108.44
12.9080281, 107.11
12.9199963, 114.78
12.9321891, 111.05
12.9443458, 112.63
12.9563023, 114.78
12.9692674, 116.57
12.97712, 126.88
12.9891279, 121.62
13.002093, 129.30
13.0150633, 126.88
13.0262999, 135.01
13.0392194, 135.01
13.0511879, 140.20
13.0638817, 144.47
13.0758239, 144.47
13.0877933, 141.85
13.0999105, 149.05
13.1128765, 144.47
13.1249017, 160.36
13.1370458, 161.58
13.149942, 164.07
13.1614134, 165.08
13.1744288, 168.70
13.1862432, 167.92
13.1979755, 168.70
13.2099433, 172.42
13.2185802, 171.88
13.231224, 172.42
13.2434404, -176.20
13.2553263, 175.61
13.2682913, 171.88
13.2799325, 176.20
13.2928983, 180.01
13.3045897, 172.42
13.317062, 175.93
13.3290297, 172.42
13.3419951, 172.42
13.3549599, 176.44
13.3661038, 168.70
13.3790694, 171.88
13.3909871, 175.93
13.4029897, 168.70
13.4156364, 169.39
13.4276184, 168.70
13.4395862, 172.42
13.4523038, 168.70
13.4604917, 162.91
13.4733612, 165.98
13.4850536, 155.24
13.4970225, 160.36
13.5100612, 153.45
13.5222561, 146.32
13.5341258, 153.45
13.5461002, 148.40
13.5590664, 142.44
13.5710353, 144.47
13.5840008, 140.20
13.5960214, 140.20
13.6079899, 135.01
13.62039, 141.85
13.6323585, 140.20
13.6445906, 137.50
13.6571615, 135.01
13.6690993, 127.58
13.6820422, 132.52
13.6940174, 126.88
13.7019961, 126.04
13.7149739, 116.57
13.7266082, 116.57
13.7393439, 103.00
13.7510991, 104.04
13.7630667, 98.75
13.7755589, 99.47
13.7883503, 99.47
13.8000035, 90.01
13.8129695, 90.01
13.8255226, 81.88
13.8369564, 75.07
13.8499216, 75.97
13.8615799, 66.38
13.8741441, 70.57
13.8862155, 63.44
13.8941938, 63.44
13.9071607, 60.65
13.9195974, 60.65
13.9316787, 56.31
13.9433338, 56.31
13.9561868, 61.93
13.9680936, 59.04
13.9810347, 56.31
13.9930051, 57.27
14.0049037, 58.00
14.0178675, 56.31
14.0297162, 53.75
14.0423161, 49.77
14.0551738, 54.47
14.0663836, 53.75
14.0791806, 54.47
14.0872181, 53.75
14.0991862, 54.47
14.1121259, 56.31
14.1241431, 47.49
14.1363065, 47.12
14.1482087, 54.47
14.1608237, 57.27
14.1737891, 53.75
14.1856721, 56.31
14.1976728, 49.77
14.2104821, 54.47
14.2223936, 54.47
14.2343144, 49.77
14.2470076, 51.85
14.25899, 55.50
14.2713057, 47.29
14.2801683, 52.44
14.2923269, 51.85
14.3033907, 51.34
14.3166596, 49.77
14.3286257, 54.47
14.3406658, 47.29
14.3541906, 49.77
14.3652586, 51.85
14.3782265, 52.44
14.3900789, 51.85
14.4030538, 52.44
14.4150187, 51.85
14.4269891, 54.47
14.4389606, 47.29
14.4519275, 55.31
14.4638939, 47.29
14.4729786, 51.85
14.4839893, 52.44
14.4965057, 53.75
14.5094886, 51.85
14.5216753, 49.77
14.5335821, 51.85
14.5459494, 49.77
14.5579804, 51.85
14.57092, 54.47
14.5828878, 54.47
14.5949012, 52.44
14.6070502, 54.47
14.6200446, 56.31
14.631983, 56.31
14.6439914, 52.44
14.6522063, 49.77
14.6647605, 49.77
14.6767248, 47.12
14.6886986, 47.29
14.7017954, 47.29
14.7139312, 45.00
14.7256019, 45.00
14.7385619, 49.40
14.7511181, 49.40
14.763037, 42.71
14.7751283, 45.00
14.7875353, 47.49
14.7996467, 45.00
14.812618, 47.29
14.8245548, 45.00
14.8362571, 39.10
14.8452196, 38.16
14.857194, 38.16
14.8696494, 40.60
14.8821257, 38.16
14.8940928, 40.60
14.9060608, 37.57
14.9190262, 39.81
14.9309949, 38.16
14.9430548, 33.69
14.9550634, 36.26
14.9673314, 30.97
14.9803718, 32.74
14.9922818, 33.69
15.0049995, 29.36
15.0167712, 30.97
15.0248046, 37.57
15.0377987, 32.01
15.0498782, 33.69
15.0621008, 30.97
15.0740689, 29.75
15.0860956, 32.74
15.099061, 22.38
15.1108012, 29.36
15.1237936, 25.20
15.1357463, 22.38
15.1477193, 23.96
15.1600778, 27.90
15.1721945, 25.20
15.1843579, 18.44
15.1974165, 19.44
15.2093869, 22.38
15.2173376, 20.56
15.2303027, 18.44
15.2422705, 26.57
15.2542401, 25.20
15.2672103, 19.44
15.27917, 19.44
15.2913881, 22.38
15.3033021, 22.38
15.3155372, 21.25
15.3285035, 21.25
15.3404703, 19.44
15.3524381, 18.44
15.3653703, 22.84
15.3770375, 23.63
15.3900075, 27.90
15.4019732, 25.20
15.4103378, 26.57
15.4223086, 22.38
15.4343399, 23.96
15.4467479, 29.36
15.4587763, 23.96
15.4717129, 25.20
15.4837449, 22.38
15.4963164, 25.20
15.5083964, 28.07
15.5204944, 23.63
15.533451, 20.56
15.5454931, 22.38
15.5582734, 29.36
15.5701867, 22.38
15.5821986, 25.20
15.590473, 27.90
15.6024408, 22.38
15.6144611, 30.97
15.6271629, 26.57
15.6390627, 25.20
15.6520286, 27.90
15.6635564, 26.57
15.6764704, 26.57
15.6883978, 21.25
15.701538, 20.56
15.7135501, 22.38
15.7255181, 19.44
15.7376361, 29.36
15.7503503, 26.57
15.7623776, 19.44
15.7743778, 26.57
15.7823566, 25.20
15.7955471, 25.20
15.8075603, 30.47
15.8197617, 23.63
15.8327269, 23.63
15.8446776, 23.63
15.8566439, 23.63
15.8685365, 23.63
15.8815341, 22.38
15.8935584, 21.25
15.9054336, 29.36
15.9183174, 28.07
15.9302872, 26.57
15.9422543, 33.69
15.9551406, 36.26
15.9671097, 40.24
15.97503, 32.91
15.9879832, 32.01
15.9999335, 40.60
16.0117114, 36.26
16.0248601, 27.90
16.0366271, 29.36
16.0484634, 33.69
16.0614443, 30.47
16.0731692, 29.36
16.0861735, 27.90
16.0976736, 19.44
16.1109948, 17.36
16.1228986, 22.38
16.1353835, 18.44
16.1476322, 11.31
16.1561042, 11.89
16.1680706, 10.01
16.18011, 3.01
16.1920805, 5.71
16.2048664, 8.53
16.2169074, 2.86
16.2288991, 8.53
16.2420108, 2.73
16.2539788, 0.00
16.2663566, 0.00
16.2780887, 0.00
16.2910561, 2.49
16.2990094, 0.00
16.3110055, 2.60
16.3229737, 0.00
16.3361854, -2.49
16.3481608, 0.00
16.3603247, 2.39
16.3720355, -2.49
16.3849695, -2.49
16.3968974, -4.97
16.409868, -2.39
16.4213787, -7.13
16.434229, -4.76
16.4463442, -11.31
16.4591407, -9.09
16.4670789, -8.75
16.4789906, -9.46
16.4909569, -13.50
16.503923, -17.75
16.5159034, -15.64
16.5287851, -18.44
16.5407494, -17.75
16.5522818, -23.75
16.5654652, -27.55
16.5778238, -24.63
16.5897177, -30.58
16.6018726, -33.69
16.6138409, -36.87
16.6263771, -40.60
16.63935, -41.82
16.6512698, -43.46
16.6595709, -43.37
16.6715174, -46.74
16.6833042, -45.00
16.6963626, -45.00
16.7093137, -48.58
16.7211893, -46.74
16.7334073, -46.74
16.7451639, -46.74
16.7578421, -52.13
16.7697093, -53.13
16.7816768, -54.47
16.7946535, -56.98
16.8064451, -59.43
16.819325, -63.44
16.8315454, -70.21
16.8435731, -70.91
16.8514621, -73.50
16.8641961, -75.47
16.8761701, -74.94
16.8891869, -77.48
16.901122, -79.12
16.913059, -79.51
16.9264755, -81.58
16.9376661, -81.58
16.9499411, -87.96
16.9619107, -83.42
16.9741681, -85.61
16.9876281, -87.80
16.999876, -90.01
17.0118174, -90.01
17.0237858, -92.21
17.0360734, -92.05
17.044053, -94.24
17.0570282, -96.35
17.0689972, -96.59
17.0809631, -100.89
17.0931959, -96.85
17.1057012, -102.27
17.118667, -104.63
17.1306461, -102.81
17.1422536, -105.95
17.1548707, -105.26
17.1667138, -105.95
17.1796418, -109.30
17.1916166, -110.23
17.2035906, -104.75
17.2165558, -115.35
17.2285275, -111.81
17.2405088, -107.66
17.2534806, -110.86
17.26531, -110.86
17.2780645, -107.66
17.2863833, -99.87
17.2981989, -104.63
17.3101317, -104.63
17.323069, -101.78
17.3350385, -99.87
17.3469742, -101.32
17.3600016, -96.35
17.3719702, -96.59
17.3839371, -94.09
17.3969585, -91.98
17.4092057, -87.96
17.4211735, -90.01
17.4331713, -90.01
17.4460016, -90.01
17.4578833, -83.67
17.4698272, -85.77
17.4827935, -85.77
17.4902619, -81.26
17.5025794, -83.16
17.5153841, -79.51
17.5275523, -79.88
17.5401866, -74.94
17.5521603, -77.48
17.5641998, -74.94
17.5769417, -73.50
17.5889098, -73.75
17.6008764, -68.20
17.6138474, -67.39
17.625901, -65.38
17.6386685, -61.39
17.6504945, -61.39
17.6631484, -58.68
17.6752514, -62.45
17.6832313, -56.31
17.6958213, -52.70
17.7079118, -50.44
17.719963, -47.73
17.7319659, -46.47
17.7449323, -40.60
17.7569008, -38.99
17.768868, -35.54
17.7813402, -34.29
17.7939368, -34.29
17.8059827, -33.11
17.8189451, -34.83
17.8309118, -31.33
17.8427002, -27.55
17.8552228, -21.37
17.8677, -17.75
17.875795, -18.44
17.8887586, -13.50
17.900024, -16.26
17.9121078, -4.76
17.9253354, 0.00
17.9373684, 0.00
17.9493469, 2.49
17.961315, 7.43
17.9742806, 9.87
17.9862485, 10.79
17.9995194, 12.81
18.0113187, 12.81
18.0233295, 16.70
18.0351011, 8.13
18.0440772, 14.62
18.0562758, 9.87
18.0684695, 13.39
18.0803462, 14.04
18.0931693, 12.81
18.1051693, 9.87
18.1180438, 10.79
18.1300116, 8.13
18.1419802, 11.31
18.1539479, 9.87
18.1670502, 14.04
18.1790184, 7.77
18.191512, 13.39
18.2036924, 9.87
18.2155425, 17.65
18.2235114, 10.31
18.2364535, 9.87
18.2483304, 15.95
18.2605783, 11.31
18.2727622, 15.95
18.2856665, 13.39
18.2979718, 10.79
18.3099376, 11.31
18.3219061, 9.87
18.334872, 12.81
18.3468782, 13.39
18.3588453, 12.27
18.3713673, 12.81
18.3832865, 15.26
18.3955436, 16.70
18.4084893, 15.26
18.4164678, 10.31
18.4283511, 14.62
18.441383, 18.44
18.4533033, 15.26
18.4652885, 18.44
18.4782663, 12.81
18.4904334, 12.81
18.5024008, 16.70
18.5143698, 20.86
18.5273343, 21.80
18.5393024, 18.44
18.5522685, 16.93
18.5642465, 19.98
18.5761611, 17.65
18.5885271, 17.65
18.6007159, 19.29
18.6090274, 18.44
18.6215882, 19.29
18.633451, 21.80
18.6455528, 24.23
18.6578769, 22.84
18.6698244, 26.57
18.6827882, 22.84
18.6953137, 25.35
18.7072834, 22.84
18.7195098, 32.91
18.7318668, 29.06
18.7438142, 35.22
18.7558155, 30.47
18.7683777, 30.47
18.7814149, 29.36
18.7930326, 32.01
18.8012251, 38.66
18.8133763, 36.26
18.825513, 38.16
18.8382972, 40.60
18.8502711, 37.57
18.8622615, 37.57
18.8750651, 42.51
18.8885474, 50.20
18.8994952, 56.31
18.9116981, 60.26
18.9252961, 64.99
18.9365552, 66.81
18.9483796, 72.65
18.9610098, 75.97
18.9729503, 76.77
18.9819645, 80.00
18.9940445, 80.00
19.0069464, 86.83
19.0179151, 84.00
19.0305522, 90.01
19.043315, 93.02
19.0551267, 93.37
19.0673944, 96.35
19.0795172, 96.35
19.0922955, 96.72
19.1044502, 97.13
19.1169539, 104.94
19.1291726, 104.04
19.1415935, 108.44
19.1535614, 109.66
19.1661866, 109.66
19.1785362, 120.27
19.1905576, 123.70
19.1985698, 116.57
19.211053, 132.00
19.2229868, 135.01
19.2359506, 142.14
19.2479109, 147.54
19.2599081, 147.54
19.2723167, 147.54
19.2844255, 149.75
19.2973828, 153.45
19.309623, 155.24
19.3215922, 161.58
19.3336286, 158.21
19.3465597, 160.57
19.358518, 163.62
19.3706078, 160.57
19.3827194, 164.49
19.3948063, 160.57
19.4076257, 167.48
19.4195939, 170.55
19.4317992, 173.67
19.4404685, 173.30
19.4524902, 173.30
19.4654406, 170.00
19.477606, 173.30
19.4893048, 173.30
19.5013111, 173.30
19.5143767, 172.89
19.5263401, 170.00
19.5383084, 176.65
19.5512736, 180.01
19.5631776, 180.01
19.5762559, -176.65
19.5882269, -176.65
19.6003693, -170.00
19.6123695, -176.65
19.6245025, -172.89
19.6366003, -172.42
19.649516, -168.70
19.6610535, -161.58
19.67402, -158.21
19.6819791, -150.27
19.6939774, -158.21
19.7060198, -143.14
19.7189848, -149.05
19.7309591, -150.27
19.742967, -149.05
19.756965, -151.94
19.7679465, -150.27
19.7799348, -153.45
19.7921272, -151.71
19.8051358, -158.21
19.8171014, -150.27
19.8290692, -151.94
19.8420349, -161.58
19.8540005, -151.94
19.8660781, -151.94
19.8790438, -150.65
19.8910737, -149.55
19.9030747, -154.81
19.9160843, -152.11
19.924062, -149.05
19.936576, -146.32
19.9483232, -143.76
19.9604274, -150.65
19.9723975, -147.11
19.9859421, -145.50
19.9970191, -147.11
20.0099839, -152.11
20.0220038, -149.55
20.0339472, -149.55
20.0469343, -149.55
20.0589233, -152.11
20.0708916, -156.05
20.0831866, -150.96
20.0961883, -155.78
20.1081558, -153.45
20.1201261, -159.79
20.1330908, -165.98
20.1454003, -171.88
20.1573771, -171.88
20.169322, -177.29
20.1771329, -171.88
20.1900981, -177.15
20.202069, -177.15
20.2150833, -177.15
20.2262463, -174.00
20.2389282, -177.15
20.2508992, -173.67
20.2647037, -173.67
20.2758738, -173.30
20.2881307, -173.30
20.3000985, -172.89
20.3130656, -175.61
20.3250325, 180.01
20.3370007, 180.01
20.3499659, 165.98
20.3619346, 161.58
20.3743207, 161.58
20.3862047, 155.24
20.3984164, 148.40
20.4071216, 141.35
20.4193294, 143.14
20.4310896, 137.74
20.4444333, 137.74
20.4563906, 137.50
20.4679892, 132.52
20.480954, 129.82
20.4931074, 126.88
20.5051716, 126.04
20.5172578, 122.48
20.5299361, 123.70
20.5419321, 122.48
20.554544, 120.27
20.5670406, 118.62
20.5790088, 104.04
20.5909789, 94.77
20.6039438, 98.14
20.6159237, 90.01
20.6244493, 90.01
20.6363203, 76.77
20.6482881, 73.62
20.6612328, 73.62
20.6738645, 66.38
20.6858559, 61.93
20.6978605, 54.47
20.7097888, 55.31
20.7219183, 50.20
20.7348842, 40.24
20.7463552, 37.57
20.7593195, 35.54
20.7715158, 30.47
20.7834832, 34.51
20.7956051, 30.47
20.8077359, 26.57
20.8167115, 26.57
20.8286795, 26.57
20.8406472, 24.23
20.8536137, 21.80
20.8651572, 15.95
20.8780659, 17.65
20.8900337, 15.26
20.9029994, 10.31
20.914967, 9.87
20.927462, 7.43
20.9394653, 5.19
20.9513195, 2.49
20.9639435, 0.00
20.9763283, 4.76
20.9843068, 0.00
20.9962748, 0.00
21.0092405, 0.00
21.0212081, -2.20
21.0331762, 0.00
21.0461826, 0.00
21.0584419, 2.29
21.0703244, 0.00
21.0824483, 2.29
21.0954127, 4.97
21.1073812, 0.00
21.1154132, 7.13
21.127464, 4.57
21.1396096, 2.39
21.1525779, -2.29
21.1642778, 4.76
21.1769166, 4.57
21.1888848, 2.20
21.2018504, 7.43
21.213818, 2.20
21.2258006, 0.00
21.238766, 2.29
21.2503732, 0.00
21.263247, 7.13
21.271226, 0.00
21.2831938, 2.29
21.2961031, 0.00
21.3083433, 2.12
21.3198946, 2.29
21.3323682, 0.00
21.3443555, 0.00
21.3572848, 2.20
21.3692573, 2.29
21.381803, 4.57
21.3942721, 2.39
21.4058507, 6.84
21.4147999, 4.40
21.4269328, 6.58
21.4389673, 2.29
21.45094, 2.39
21.4639091, 2.49
21.4761902, 0.00
21.4881952, 2.29
21.5001593, 0.00
21.5131321, 2.20
21.5251144, 2.29
21.5377771, 4.57
21.5498033, 4.76
21.5577818, 4.40
21.5699824, 2.39
21.5819502, 0.00
21.5949156, 2.29
21.606884, 2.20
21.618934, 4.76
21.6319073, 4.97
21.6438757, 2.29
21.6558288, 7.13
21.6687942, 2.29
21.6807629, 4.57
21.6927309, 6.84
21.7047007, 2.39
21.7136746, 0.00
21.7257644, 4.76
21.7380664, 6.58
21.7499984, 4.57
21.7629653, 4.76
21.7751551, 6.84
21.7869898, 6.84
21.799009, 6.58
21.812035, 4.57
21.824041, 6.84
21.8370022, 6.84
21.8489709, 6.84
21.8608798, 9.87
21.8728484, 9.09
21.8808591, 9.09
21.8938157, 7.13
21.9063577, 6.84
21.9183552, 11.31
21.9309596, 11.31
21.9429234, 9.09
21.9548907, 11.31
21.967164, 9.09
21.9791328, 13.50
21.9920982, 15.64
22.0040674, 14.04
22.0171384, 13.50
22.0291059, 13.50
22.0410755, 15.64
22.0532488, 16.93
22.0613179, 14.62
22.0738008, 11.31
22.086735, 17.10
22.0985981, 14.62
22.1105834, 15.26
22.1233064, 16.93
22.1353489, 12.27
22.1473987, 16.26
22.1599987, 16.93
22.1719307, 16.93
22.184399, 24.45
22.1964645, 22.25
22.2095028, 20.56
22.2211773, 16.70
22.2331746, 22.25
22.2462704, 16.93
22.2542644, 19.98
22.2667797, 20.56
22.2787435, 16.93
22.2904672, 16.93
22.3030243, 17.65
22.3158962, 23.20
22.3280388, 16.93
22.3399727, 17.65
22.3525742, 15.26
22.365299, 15.26
22.377267, 14.62
22.3897691, 15.95
22.4027304, 10.79
22.4141394, 12.81
22.4263071, 14.04
22.4385053, 14.04
22.4461932, 14.04
22.4591608, 11.31
22.4715334, 14.74
22.4832116, 13.39
22.4955628, 8.53
22.5076934, 19.29
22.5209641, 14.04
22.5329116, 11.31
22.5439103, 11.31
22.5569035, 14.04
22.5689001, 18.44
22.5817186, 16.70
22.5936715, 17.53
22.6065822, 17.53
22.618495, 11.31
22.6314986, 14.74
22.6395143, 11.31
22.6512201, 17.53
22.6634758, 18.44
22.6762273, 15.53
22.6882303, 18.44
22.7006408, 14.74
22.7127042, 16.70
22.7247064, 18.44
22.7370925, 17.53
22.7500996, 20.23
22.7621099, 14.74
22.774246, 18.44
22.786597, 18.44
22.7985432, 11.89
22.8114962, 17.53
22.8234602, 19.44
22.8321736, 11.31
22.8435703, 18.44
22.8565372, 18.44
22.868505, 17.53
22.8815198, 23.96
22.8928922, 17.53
22.9059879, 19.44
22.922938, 21.25
22.9305081, 19.44
22.9430449, 19.44
22.9540111, 20.23
22.9663421, 17.53
22.9790733, 16.39
22.9920529, 18.44
23.0030695, 16.39
23.0153272, 19.44
23.024299, 15.53
23.0361074, 19.44
23.049094, 22.38
23.061347, 21.25
23.0733554, 19.44
23.0851743, 20.56
23.0981374, 23.63
23.1103924, 16.39
23.1223112, 23.63
23.1355709, 20.56
23.1478461, 20.56
23.1599553, 20.56
23.1719281, 23.63
23.183896, 23.63
23.1963001, 16.39
23.2102956, 19.44
23.2269492, 18.44
23.2337223, 20.56
23.252807, 21.80
23.2551557, 20.56
23.2707592, 14.04
23.2843365, 19.66
23.2903157, 23.63
23.3022846, 13.24
23.3158686, 18.44
23.3278341, 14.04
23.3401233, 19.66
23.3523102, 20.56
23.3640804, 17.36
23.3763108, 20.56
23.3892778, 17.36
23.3977234, 17.36
23.4090834, 15.95
23.4221269, 14.04
23.4345, 17.36
23.446606, 14.04
23.4584701, 23.20
23.470512, 16.39
23.4824734, 19.44
23.4957151, 14.04
23.5077676, 17.36
23.5202035, 18.44
23.5321635, 20.56
23.5451604, 22.38
23.5571398, 19.44
23.5692215, 17.36
23.5814624, 17.36
23.5894394, 18.44
23.6015329, 17.36
23.61461, 16.39
23.626643, 21.80
23.6386065, 19.44
23.6515735, 16.39
23.6625429, 19.44
23.6755331, 19.44
23.6883243, 19.44
23.7003406, 16.39
23.7124763, 21.25
23.7244822, 22.38
23.7378246, 22.38
23.7488754, 17.53
23.7619303, 23.63
23.7739047, 19.44
23.7822531, 19.44
23.7944418, 16.39
23.8065932, 17.53
23.8185232, 22.38
23.8319538, 18.44
23.8432034, 19.44
23.8563027, 17.53
23.8675565, 17.53
23.8805242, 22.38
23.8928725, 18.44
23.905121, 18.44
23.9176434, 22.38
23.9291031, 17.53
23.9421006, 19.44
23.9541378, 18.44
23.9658224, 19.44
23.9737978, 18.44
23.9871104, 18.44
23.9990362, 14.04
24.0110399, 17.53
24.0233931, 19.44
24.0355559, 18.44
24.0486613, 16.70
24.0605207, 14.04
24.0725226, 19.44
24.084657, 15.53
24.0977068, 21.25
24.1099671, 18.44
24.1219826, 19.44
24.1344131, 18.44
24.146118, 18.44
24.1550243, 11.89
24.1670883, 18.44
24.1790774, 18.44
24.1912571, 11.89
24.2041917, 17.53
24.2162168, 14.74
24.228218, 20.23
24.2402129, 16.70
24.2532222, 18.44
24.2653227, 16.70
24.2773694, 21.25
24.2898395, 17.53
24.3020133, 16.39
24.3140556, 14.74
24.3270001, 17.53
24.3399578, 14.74
24.3479468, 18.44
24.3599057, 14.74
24.3718744, 17.53
24.3838774, 15.53
24.3957906, 14.04
24.4087596, 17.53
24.4211019, 17.53
24.4330654, 14.04
24.4452409, 14.04
24.4579722, 11.89
24.4701188, 19.29
24.4823121, 14.74
24.4947513, 14.04
24.5067059, 17.53
24.5187157, 14.74
24.5309149, 16.70
24.5391616, 16.70
24.5520625, 15.95
24.5643116, 17.53
24.5768797, 17.53
24.5888241, 16.70
24.6013044, 11.89
24.6130135, 16.70
24.6259802, 9.46
24.6379469, 11.89
24.6500079, 12.53
24.6630629, 13.24
24.6750885, 17.53
24.6869988, 15.95
24.6989664, 25.35
24.7109343, 16.39
24.7239002, 11.89
24.7318801, 14.74
24.744844, 12.53
24.756881, 14.74
24.7689649, 17.53
24.7809325, 15.53
24.793061, 11.89
24.8060253, 14.74
24.8176802, 16.39
24.8304637, 20.23
24.8422783, 18.44
24.8553475, 18.44
24.8672148, 14.74
24.8795294, 18.44
24.891493, 20.23
24.9039497, 16.70
24.9165077, 18.44
24.9252629, 17.53
24.9365042, 17.53
24.9489341, 14.74
24.9618261, 18.44
24.9739235, 16.70
24.9858946, 13.24
24.998393, 17.53
25.0105328, 17.53
25.0231426, 15.53
25.0353339, 17.53
25.0470949, 21.25
25.0600977, 18.44
25.0721265, 17.53
25.0841616, 15.53
25.0970612, 14.74
25.1084689, 15.53
25.1173777, 17.53
25.1289954, 14.74
25.1415542, 17.53
25.1542221, 17.53
25.1661948, 11.31
25.178104, 13.24
25.1910677, 14.04
25.2031024, 11.89
25.2152074, 19.29
25.2276649, 18.44
25.2395761, 18.44
25.2522755, 17.53
25.2642465, 21.25
25.2772513, 14.74
25.2892144, 14.04
25.3012207, 15.53
25.3092087, 11.89
25.3221512, 15.53
25.3340495, 14.74
25.3460715, 11.89
25.3590302, 14.74
25.3709984, 11.89
25.3829662, 14.74
25.3959725, 17.53
25.4080657, 19.44
25.420031, 14.04
25.4321042, 14.74
25.4450789, 11.89
25.4570458, 21.25
25.4690127, 15.53
25.4819788, 14.74
25.4939511, 16.39
25.5019685, 15.53
25.5139723, 8.97
25.5269241, 11.89
25.5390552, 14.74
25.5509131, 20.23
25.563844, 11.89
25.5759726, 11.89
25.5877866, 14.74
25.6007519, 17.53
25.6127201, 14.74
25.6246891, 21.25
25.6376534, 17.53
25.6496212, 15.53
25.6614979, 16.70
25.6744126, 17.53
25.6865162, 11.89
25.6944963, 18.44
25.7065439, 11.89
25.7195131, 14.04
25.7315107, 14.74
25.7440429, 11.89
25.7559738, 12.53
25.7679416, 15.53
25.7809916, 11.31
25.7933269, 14.04
25.8053899, 16.70
25.8176443, 17.53
25.8293568, 17.53
25.842245, 12.53
25.8543362, 15.53
25.8664166, 11.89
25.8785779, 16.70
25.8865723, 17.53
25.8992139, 20.23
25.9118791, 14.04
25.9245782, 12.53
25.9363742, 11.31
25.948069, 12.53
25.9610335, 17.53
25.9733512, 14.74
25.98602, 14.74
25.9979637, 15.53
26.0099645, 14.04
26.0218983, 19.44
26.0348645, 14.74
26.0468317, 14.74
26.0587996, 11.89
26.0717654, 14.04
26.0797432, 15.53
26.0917115, 17.53
26.1044501, 14.74
26.1164826, 14.74
26.1286464, 11.89
26.1410711, 14.74
26.1530338, 14.74
26.166078, 17.53
26.1780394, 17.53
26.1901351, 14.04
26.2025329, 11.89
26.2145765, 14.04
26.2272386, 16.70
26.2390782, 17.53
26.2512769, 14.74
26.2633051, 17.36
26.2722815, 11.89
26.284251, 11.89
26.2962233, 18.44
26.3092642, 14.04
26.3213652, 15.53
26.3340194, 16.70
26.3459869, 14.74
26.3579549, 14.04
26.3699228, 9.46
26.3828889, 21.25
26.3950832, 17.53
26.4068239, 15.53
26.4197891, 14.74
26.4317573, 14.74
26.4444497, 17.53
26.4567247, 11.31
26.4647059, 15.53
26.4766817, 11.31
26.4891807, 14.74
26.501147, 11.31
26.5141127, 11.89
26.5260809, 12.53
26.5380476, 17.53
26.5500188, 17.53
26.5630107, 14.04
26.5750075, 19.44
26.5869735, 17.53
26.5993285, 14.74
26.6115065, 11.31
26.6240501, 11.89
26.6368688, 14.74
26.6488375, 14.04
26.6568164, 14.74
26.6687836, 14.04
26.6817504, 15.53
26.6947481, 19.29
26.7064745, 16.39
26.7180439, 8.97
26.7310098, 14.74
26.7429167, 11.89
26.7558291, 15.53
26.7675529, 17.53
26.7794103, 15.53
26.7921334, 16.70
26.8050315, 15.53
26.8163412, 17.53
26.829189, 15.53
26.8411578, 14.74
26.8491364, 14.74
26.8620293, 14.74
26.874001, 17.53
26.8859745, 18.44
26.8989626, 11.89
26.9109906, 12.53
26.9228561, 11.89
26.9358032, 17.53
26.9478375, 14.74
26.9598482, 18.44
26.9728141, 11.31
26.9849158, 11.89
26.9968677, 16.70
27.0087894, 14.74
27.0212783, 15.53
27.0333155, 17.53
27.0417669, 16.70
27.0545106, 17.53
27.0664415, 11.89
27.0793001, 14.04
27.0913208, 17.53
27.1033033, 17.53
27.1154131, 17.53
27.1281592, 20.23
27.14071, 11.89
27.1528467, 17.53
27.1648481, 14.74
27.1776076, 15.53
27.1895167, 8.97
27.20143, 18.44
27.214026, 20.23
27.2260189, 17.53
27.2339995, 17.53
27.2470169, 14.04
27.2589574, 19.44
27.2713637, 16.70
27.2833335, 14.74
27.2962649, 16.39
27.3086094, 11.89
27.3205799, 17.53
27.3332057, 14.74
27.3453719, 12.53
27.3570666, 17.53
27.3699646, 11.89
27.3818881, 14.74
27.3948001, 17.53
27.4064587, 14.74
27.4153712, 17.53
27.426909, 17.53
27.4393407, 15.53
27.4513503, 16.70
27.4641077, 11.31
27.4760591, 15.53
27.4879657, 11.89
27.5008699, 16.70
27.5128428, 15.53
27.5254848, 17.53
27.5376553, 18.44
27.550251, 17.53
27.5622201, 19.29
27.5751385, 17.53
27.5871537, 14.74
27.5992327, 16.70
27.6068166, 17.53
27.619824, 17.53
27.6315143, 16.70
27.6450153, 16.70
27.6560087, 14.04
27.6691806, 14.74
27.6811468, 18.44
27.6931529, 12.53
27.7060883, 14.74
27.7180873, 20.23
27.7301957, 12.53
27.7423158, 17.53
27.7551708, 15.53
27.7670276, 22.38
27.7789606, 14.74
27.7908965, 16.39
27.799871, 17.53
27.8119052, 14.74
27.8241868, 16.70
27.8361522, 17.53
27.8485131, 12.53
27.861336, 14.74
27.873462, 11.89
27.8856217, 17.53
27.898394, 17.53
27.9105592, 15.53
27.9224937, 18.44
27.9349465, 15.95
27.9469341, 16.70
27.9599342, 16.70
27.9719247, 17.53
27.9838918, 20.23
27.9925602, 18.44
28.004604, 14.04
28.0164654, 16.70
28.0294725, 14.74
28.0414437, 14.74
28.0538269, 17.53
28.0660887, 11.89
28.0780136, 14.74
28.0900137, 16.70
28.1029781, 14.74
28.1149453, 12.53
28.1269531, 17.53
28.1398562, 17.53
28.1522303, 18.44
28.1639997, 18.44
28.176211, 11.89
28.1845155, 11.89
28.1973856, 16.70
28.2093238, 14.74
28.2217323, 18.44
28.2340449, 11.31
28.2459445, 8.97
28.2588763, 14.74
28.2709299, 11.89
28.2828965, 11.31
28.2949682, 14.74
28.3075951, 14.74
28.3195157, 16.70
28.3320433, 14.04
28.3449726, 11.31
28.3569361, 14.04
28.368459, 11.89
28.3771039, 14.74
28.389072, 17.53
28.402312, 14.74
28.4140056, 14.74
28.4260519, 11.89
28.4391122, 11.89
28.4510435, 11.31
28.4639176, 19.29
28.4751288, 15.53
28.4873481, 16.70
28.5001798, 17.53
28.5129308, 20.23
28.5250754, 16.70
28.537008, 20.23
28.5490673, 14.74
28.561257, 19.44
28.5698668, 11.89
28.5820915, 9.46
28.5940968, 14.74
28.6070948, 14.74
28.6191578, 12.53
28.631106, 13.24
28.6433702, 14.74
28.6561172, 16.70
28.667526, 14.74
28.6801746, 11.89
28.6930411, 14.74
28.705048, 14.04
28.7172056, 16.70
28.7292984, 14.04
28.7417143, 18.44
28.7534299, 14.04
28.7626363, 12.53
28.7746126, 12.53
28.7864854, 19.44
28.7994555, 15.53
28.8114628, 20.23
28.823494, 11.89
28.8355443, 18.44
28.8483749, 14.74
28.8603279, 14.74
28.8732424, 11.31
28.8852678, 14.74
28.8973133, 14.74
28.9092638, 11.31
28.9220663, 11.89
28.9340869, 17.53
28.9459759, 17.53
28.9549368, 15.53
28.9669058, 14.74
28.9794728, 14.74
28.9916435, 16.70
29.0042284, 17.53
29.0161906, 14.04
29.0281585, 20.23
29.0411238, 17.53
29.052807, 15.53
29.0658027, 12.53
29.0777511, 9.46
29.0897087, 18.44
29.1026751, 12.53
29.1146424, 17.53
29.1266096, 16.70
29.138578, 16.70
29.1475537, 14.74
29.159522, 13.24
29.172056, 18.44
29.1840236, 17.53
29.1959928, 17.53
29.2089573, 14.04
29.2206713, 15.53
29.2332814, 11.31
29.2453464, 11.89
29.2574297, 15.53
29.2704109, 17.53
29.2833288, 17.53
29.295277, 17.53
29.3067903, 14.74
29.3193347, 17.53
29.3315416, 14.74
29.3401135, 14.74
29.3520823, 16.70
29.3643662, 17.53
29.3763207, 17.53
29.3891961, 11.89
29.4011984, 16.70
29.413168, 18.44
29.4253775, 11.89
29.4383205, 17.53
29.4501962, 17.53
29.4621889, 17.53
29.4746516, 17.53
29.4873118, 11.31
29.4993068, 16.39
29.51128, 11.31
29.5233, 17.53
29.5327516, 17.53
29.5449039, 14.04
29.5569269, 17.53
29.5685091, 14.04
29.5814134, 11.89
29.5933704, 15.53
29.6059709, 21.25
29.6181265, 18.44
29.6300938, 17.53
29.6420907, 16.70
29.6552384, 14.74
29.6674486, 17.53
29.6799485, 11.89
29.6919168, 17.53
29.7039222, 18.44
29.7128407, 16.70
29.7249533, 18.44
29.7369536, 14.74
29.7499077, 15.53
29.7618449, 17.53
29.7738147, 11.89
29.7857845, 14.74
29.7987377, 18.44
29.8107041, 16.70
29.822672, 14.74
29.8355319, 11.89
29.8479323, 14.04
29.8599676, 14.74
29.8720592, 11.89
29.884061, 14.74
29.8971237, 14.74
29.905111, 17.53
29.917099, 14.74
29.9300769, 14.74
29.9420134, 16.70
29.9544253, 17.53
29.9664777, 17.53
29.9784154, 18.44
29.9914176, 15.53
30.00345, 14.74
30.0153188, 14.04
30.0282036, 14.04
30.0403455, 11.31
30.0526742, 14.04
30.0646612, 11.31
30.076639, 14.74
30.0887446, 11.89
30.0975418, 12.53
30.1101225, 14.04
30.1220543, 11.89
30.1340598, 18.44
30.1460588, 17.53
30.159169, 16.70
30.1715855, 17.53
30.1835526, 17.53
30.1954743, 17.53
30.2084003, 14.74
30.2203694, 11.89
30.2323361, 11.89
30.2444618, 14.04
30.2567522, 11.89
30.2696665, 12.53
30.2816816, 20.23
30.2899581, 17.53
30.3019434, 19.29
30.3149137, 11.89
30.3272563, 11.31
30.3391919, 13.24
30.3512375, 14.74
30.3635686, 14.04
30.3755083, 15.53
30.3885465, 14.74
30.4009314, 17.53
30.412966, 14.74
30.4251058, 14.74
30.4370022, 11.89
30.4500054, 11.89
30.461937, 14.74
30.4739246, 17.53
30.4820133, 11.31
30.4949857, 14.04
30.5069858, 17.53
30.5189165, 17.53
30.5311877, 11.89
30.5441608, 18.44
30.5563073, 15.53
30.5683106, 17.53
30.5813785, 14.74
30.5930939, 17.53
30.6051134, 14.74
30.6180828, 16.70
30.6300508, 17.53
30.6420242, 11.89
30.6541714, 14.74
30.6671012, 12.53
30.6752033, 14.74
30.6870486, 11.89
30.6999967, 14.74
30.7120587, 14.74
30.7240925, 11.89
30.7364038, 18.44
30.7486684, 14.74
30.7613369, 14.74
30.7735543, 17.53
30.7854449, 17.53
30.7973383, 20.23
30.8103508, 11.89
30.8221721, 14.74
30.8343473, 16.70
30.8473128, 14.74
30.8592805, 11.31
30.8712483, 20.23
30.8802255, 14.04
30.8919978, 14.74
30.9039657, 14.04
30.916932, 17.53
30.928943, 18.44
30.9408743, 16.70
30.95335, 14.04
30.9653633, 17.53
30.9783282, 11.31
30.990323, 17.53
31.0023437, 20.23
31.0152405, 17.53
31.0273228, 11.31
31.0400719, 11.89
31.0515546, 18.44
31.0603038, 17.53
31.0722753, 15.53
31.0849361, 11.89
31.096907, 11.89
31.1102236, 14.74
31.1215185, 14.04
31.1336517, 17.53
31.1462245, 16.70
31.1583642, 18.44
31.1709999, 14.74
31.1830044, 14.74
31.1954071, 17.53
31.2073784, 18.44
31.2203465, 14.04
31.232127, 17.53
31.2440953, 16.70
31.2521322, 14.04
31.2650971, 14.74
31.3109743, 11.89
31.3129698, 12.53
31.3199507, 14.74
31.3349107, 10.79
31.3359081, 11.89
31.3408946, 15.53
31.3508679, 16.70
31.3628363, 16.70
31.3751095, 14.04
31.388069, 14.04
31.4000378, 17.53
31.4120058, 16.39
31.4239731, 11.31
31.436938, 17.53
31.4449184, 11.89
31.4569204, 14.74
31.469886, 11.31
31.4818529, 11.31
31.4936872, 14.74
31.5066833, 11.89
31.5193526, 17.53
31.5313792, 16.70
31.5436338, 17.53
31.5559298, 11.89
31.5679382, 17.53
31.5800993, 14.74
31.5920089, 17.53
31.6050374, 16.70
31.6170031, 11.89
31.6289388, 13.24
31.6371426, 19.44
31.6500946, 16.70
31.6621085, 17.53
31.6740801, 14.74
31.6862234, 14.74
31.6990533, 15.53
31.7110786, 18.44
31.72302, 14.04
31.7359595, 17.53
31.7479851, 16.39
31.759952, 18.44
31.7729174, 11.31
31.7850482, 14.74
31.7969867, 11.31
31.8096889, 16.70
31.8217334, 14.04
31.8296928, 11.31
31.8424879, 17.53
31.854275, 12.53
31.8672403, 12.53
31.8792083, 14.74
31.8909717, 14.74
31.9039371, 18.44
31.9160416, 12.53
31.9289057, 11.31
31.9408731, 12.53
31.9523594, 18.44
31.9648867, 16.70
31.9778917, 14.74
31.9902272, 11.31
32.0021978, 18.44
32.0141736, 11.31
32.0231839, 11.89
32.0349504, 15.26
32.0469179, 16.70
32.0589212, 17.53
32.0719252, 17.53
32.0840841, 11.31
32.0960517, 18.44
32.1082607, 8.97
32.1202714, 19.29
32.1332212, 17.53
32.1451975, 16.70
32.1581763, 17.53
32.1701439, 15.53
32.1821121, 16.70
32.1940809, 18.44
32.207052, 14.74
32.215106, 13.39
32.2270264, 11.89
32.2399644, 11.89
32.2520836, 11.89
32.2641257, 14.74
32.2760573, 11.31
32.2890231, 13.24
32.3009906, 17.53
32.3129589, 13.39
32.326188, 11.31
32.3378919, 17.53
32.3498601, 17.53
32.3627146, 14.04
32.3745825, 14.04
32.3875323, 16.39
32.3993309, 16.70
32.4082682, 14.04
32.4199528, 11.89
32.4322409, 18.44
32.4443543, 16.70
32.4569251, 15.53
32.4695461, 17.53
32.4813032, 8.97
32.4932758, 11.89
32.5061116, 14.04
32.5180799, 18.44
32.5300107, 20.23
32.5429765, 16.70
32.5549446, 14.04
32.5679097, 14.74
32.5798777, 14.74
32.591929, 11.89
32.5999495, 12.53
32.6119171, 14.74
32.6249101, 18.44
32.636841, 11.89
32.6488438, 11.31
32.6617635, 16.70
32.6737317, 17.53
32.6857013, 10.79
32.6986261, 18.44
32.7101274, 15.53
32.7230824, 14.04
32.7353858, 20.23
32.7478241, 17.53
32.7596579, 14.74
32.7722802, 17.53
32.7852462, 14.74
32.7924758, 17.53
32.8049851, 14.04
32.8179533, 11.89
32.8294204, 14.04
32.8419407, 19.44
32.8537879, 14.74
32.8667533, 11.89
32.8787225, 14.74
32.8907693, 11.89
32.9027034, 10.79
32.9161395, 17.53
32.9276139, 14.74
32.9395931, 17.53
32.9525634, 14.74
32.9655715, 17.53
32.9771584, 14.74
32.9851615, 19.44
32.9981297, 11.89
33.0094528, 11.89
33.0217793, 14.74
33.0343288, 16.70
33.0463272, 18.44
33.058875, 14.74
33.070988, 11.89
33.0829938, 11.89
33.0957888, 20.23
33.1077721, 14.74
33.1197786, 12.53
33.1320889, 18.44
33.1452228, 18.44
33.1580294, 14.74
33.1690634, 11.89
33.1770674, 18.44
33.1899978, 14.74
33.2019652, 14.74
33.21497, 15.95
33.2269571, 15.53
33.2385013, 15.53
33.2511287, 14.74
33.2629731, 16.70
33.2756178, 14.04
33.2876234, 14.74
33.3005767, 15.53
33.3129134, 14.74
33.325345, 11.89
33.3383249, 21.25
33.3493177, 14.04
33.3618958, 17.53
33.3699151, 19.29
33.3825553, 14.74
33.3944498, 15.53
33.4075197, 16.39
33.4193362, 14.04
33.4312564, 17.53
33.4439294, 17.53
33.4557825, 16.70
33.4677447, 11.89
33.4804275, 11.31
33.4922484, 17.53
33.5047982, 14.04
33.5177639, 14.04
33.5297683, 11.89
33.5423318, 14.74
33.5544397, 15.53
33.562296, 11.89
33.5743483, 11.31
33.5867184, 11.89
33.5994827, 11.31
33.6113019, 16.70
33.6240437, 14.04
33.6361863, 12.53
33.6483645, 14.74
33.6606967, 17.53
33.6729798, 11.89
33.6859745, 13.24
33.6979918, 14.04
33.7100407, 14.74
33.7219461, 15.53
33.7348688, 11.89
33.7467563, 11.89
33.7548446, 15.53
33.766945, 17.53
33.7795876, 11.89
33.7915269, 11.31
33.8041582, 17.53
33.8161199, 11.89
33.8290836, 12.53
33.8410522, 17.53
33.8530207, 17.53
33.8658808, 16.70
33.8778499, 14.04
33.8908144, 17.53
33.9022824, 14.74
33.9147974, 14.04
33.927396, 11.31
33.9394662, 14.74
33.9474203, 11.89
33.9603861, 16.70
33.9723542, 20.23
33.9843227, 15.53
33.9962683, 17.53
34.0092407, 13.24
34.0211915, 17.53
34.0332281, 16.70
34.0463313, 11.31
34.0582966, 19.44
34.0702645, 16.70
34.082233, 14.74
34.0952095, 17.53
34.1071765, 14.04
34.1191494, 11.31
34.1312309, 11.89
34.1402745, 14.74
34.1522425, 16.70
34.1642114, 14.04
34.1769379, 17.53
34.189404, 17.53
34.201313, 14.74
34.2133663, 17.53
34.2263521, 17.53
34.2383286, 11.89
34.2504723, 11.89
34.2624159, 17.53
34.275243, 16.70
34.287209, 14.04
34.3001854, 16.70
34.3121406, 11.89
34.3232449, 14.74
34.3326969, 18.44
34.3452123, 11.89
34.356944, 12.53
34.3692306, 17.53
34.3819217, 14.74
34.3939751, 8.53
34.4059708, 17.53
34.4183653, 17.53
34.4303649, 20.23
34.4424875, 18.44
34.4559323, 14.74
34.4679339, 18.44
34.4799358, 20.23
34.4919032, 18.44
34.5048692, 15.95
34.5167764, 14.04
34.5257859, 18.44
34.5370074, 18.44
34.549156, 16.70
34.5621105, 11.89
34.5742704, 17.53
34.5860812, 14.04
34.5989884, 17.53
34.6110655, 11.89
34.6240309, 16.70
34.6352212, 14.74
34.6482741, 11.89
34.6602857, 11.89
34.6725294, 17.53
34.6850583, 11.31
34.6970223, 14.74
34.7090175, 17.53
34.7170802, 14.74
34.7300452, 14.74
34.7421885, 17.53
34.7544577, 14.74
34.7663226, 17.53
34.7789008, 12.53
34.7908678, 16.70
34.8045477, 8.97
34.8154206, 14.04
34.8275267, 17.53
34.8403551, 14.04
34.8522516, 11.89
34.8653356, 16.70
34.8770484, 14.74
34.8890177, 16.70
34.9019832, 12.53
34.9099604, 16.70
34.9229308, 17.53
34.9349667, 17.53
34.9469343, 12.53
34.9589304, 17.53
34.9718674, 13.24
34.9838888, 14.74
34.9959035, 18.44
35.0080716, 11.89
35.0200747, 16.70
35.0330061, 14.04
35.0453283, 14.04
35.0572708, 14.04
35.0692885, 14.04
35.0814799, 14.04
35.0904233, 8.97
35.1021852, 17.53
35.1150362, 11.31
35.1271861, 11.89
35.1391602, 14.74
35.1513273, 8.97
35.1639476, 13.24
35.1758283, 17.53
35.1888132, 11.89
35.2005852, 12.53
35.213608, 14.74
35.225585, 11.89
35.2375507, 14.04
35.2495172, 11.31
35.2630028, 12.53
35.2739673, 14.74
35.2829866, 8.53
35.2947112, 11.31
35.3074217, 11.89
35.319636, 12.53
35.3320436, 8.97
35.3448252, 11.31
35.3560448, 14.74
35.3690373, 16.70
35.3813424, 16.70
35.3933336, 11.89
35.4052305, 16.70
35.4178509, 11.31
35.4298477, 15.95
35.4427837, 14.74
35.4547519, 12.53
35.4665509, 14.74
35.4755319, 14.04
35.4873549, 17.53
35.4993465, 11.31
35.5131451, 17.53
35.5241132, 16.70
35.5370788, 14.04
35.5490474, 17.53
35.5611519, 11.89
35.574161, 14.04
35.5861869, 11.31
35.5982288, 11.89
35.6107715, 16.70
35.6227728, 14.04
35.6344491, 14.04
35.6471782, 15.95
35.6597644, 16.70
35.6680135, 17.53
35.679981, 16.70
35.6919528, 15.95
35.7044977, 17.65
35.7164298, 17.65
35.7288669, 9.87
35.7408348, 0.00
35.7545151, 2.29
35.7666478, -17.10
35.7783098, -17.75
35.7903331, -19.66
35.8033475, -23.20
35.8153552, -29.75
35.8273191, -33.69
35.8398581, -35.54
35.8520437, -37.88
35.8600519, -41.50
35.8730177, -45.00
35.8850448, -47.29
35.8970306, -49.77
35.9093506, -52.82
35.922319, -54.09
35.9335072, -56.77
35.946284, -57.66
35.9588907, -61.12
35.97144, -64.99
35.983407, -66.58
35.9953736, -72.76
36.0073839, -74.58
36.0202623, -75.97
36.0328344, -72.19
36.0444124, -67.07
36.0562871, -64.44
36.0648303, -70.83
36.0775201, -71.57
36.0899773, -74.36
36.101946, -66.26
36.1140745, -62.53
36.126038, -61.70
36.1390338, -63.44
36.1512523, -72.26
36.163228, -82.15
36.1754957, -81.58
36.1883242, -81.88
36.2002601, -81.88
36.213261, -79.12
36.2252444, -72.26
36.2374854, -77.48
36.2494535, -74.94
36.2618791, -73.08
36.2739126, -70.91
36.2828553, -75.47
36.2941203, -79.51
36.3070829, -82.15
36.3190363, -81.88
36.3310047, -82.15
36.3436131, -82.65
36.3558914, -86.06
36.3682783, -88.03
36.3801963, -90.01
36.3927926, -90.01
36.404988, -90.01
36.4169549, -90.01
36.4304621, -90.01
36.4422148, -92.30
36.4537609, -96.85
36.4663208, -97.13
36.4743111, -94.98
36.4863236, -94.77
36.4994671, -97.44
36.511433, -94.77
36.5234715, -94.98
36.5359773, -97.44
36.5483379, -94.98
36.560267, -94.98
36.572419, -99.87
36.5850458, -99.87
36.5970118, -97.77
36.6099763, -97.44
36.6219444, -97.44
36.6345001, -101.32
36.6463091, -100.31
36.6593001, -102.27
36.6707738, -102.27
36.6836133, -102.81
36.6921505, -102.81
36.7040579, -101.32
36.7160214, -100.31
36.728987, -105.26
36.7409549, -102.81
36.7529152, -103.40
36.76507, -99.87
36.7780008, -102.81
36.7899734, -105.26
36.8029365, -100.79
36.8147317, -102.81
36.8263653, -103.40
36.8394598, -99.87
36.8511927, -102.81
36.86377, -103.40
36.87559, -104.04
36.8881156, -100.31
36.9004171, -103.40
36.9133545, -105.26
36.9251965, -97.77
36.933172, -100.79
36.9451402, -101.32
36.9581058, -97.44
36.9700734, -102.27
36.9820429, -103.40
36.9951392, -102.81
37.007105, -101.32
37.01955, -102.27
37.0315128, -100.31
37.0443086, -102.81
37.055926, -102.81
37.0684849, -102.81
37.0803039, -102.81
37.0928282, -105.26
37.1048361, -100.31
37.1177613, -100.31
37.1299204, -102.81
37.1418602, -105.26
37.154356, -104.04
37.1669116, -102.81
37.1788795, -104.04
37.1868573, -109.19
37.1998198, -105.95
37.2117866, -104.04
37.2244469, -102.81
37.2365985, -107.66
37.2485052, -109.99
37.261149, -109.19
37.2730129, -109.99
37.2850541, -110.56
37.2976012, -117.56
37.3106106, -117.56
37.3223712, -117.56
37.3345566, -118.45
37.3464712, -123.12
37.3594398, -123.70
37.3714781, -126.48
37.3834591, -126.48
37.3964545, -126.88
37.408422, -132.15
37.4205582, -133.68
37.4293817, -135.01
37.442222, -132.28
37.4535269, -136.41
37.4659698, -136.41
37.477566, -135.01
37.4912996, -132.15
37.502855, -135.01
37.5155648, -135.01
37.5270866, -133.61
37.5400242, -133.61
37.5519929, -136.41
37.5639603, -132.00
37.5759287, -130.82
37.588517, -132.15
37.6010973, -130.61
37.6130648, -129.57
37.624974, -129.30
37.6379954, -126.48
37.6499278, -130.82
37.6618611, -126.48
37.6708381, -129.57
37.6831151, -129.30
37.6951112, -129.30
37.707315, -130.82
37.7203375, -130.82
37.7323075, -132.28
37.7439064, -128.06
37.756898, -128.06
37.7693684, -130.82
37.7813342, -132.15
37.7935024, -136.41
37.8060044, -133.61
37.817973, -132.28
37.8305808, -136.48
37.8421251, -137.61
37.8544875, -135.01
37.8674906, -135.01
37.8790879, -140.45
37.8920538, -136.41
37.9040209, -133.61
37.9119686, -139.41
37.9248969, -143.14
37.9366836, -137.74
37.9493912, -140.72
37.9610759, -145.80
37.9739817, -146.90
37.9859312, -143.54
37.998568, -145.19
38.010708, -146.32
38.0224224, -146.32
38.0350665, -146.90
38.04692, -146.32
38.0598856, -146.32
38.0718532, -146.32
38.0838219, -149.05
38.0967873, -149.05
38.1087564, -149.75
38.1212571, -149.05
38.1328863, -151.71
38.1458532, -147.39
38.1538304, -146.32
38.1658582, -151.71
38.1784863, -153.45
38.1904545, -152.54
38.2029683, -152.54
38.2149407, -152.54
38.2273703, -154.37
38.240316, -152.54
38.2521064, -151.57
38.2643917, -150.76
38.2768804, -152.54
38.2889897, -153.45
38.3020084, -152.54
38.3139749, -152.54
38.326008, -149.75
38.3379768, -149.05
38.3499818, -153.45
38.3630922, -150.76
38.3750249, -152.54
38.3869949, -152.54
38.3999952, -149.75
38.4080372, -151.71
38.4200792, -155.24
38.4320136, -149.75
38.4451333, -152.54
38.457157, -150.76
38.469206, -151.57
38.4811874, -149.75
38.4941921, -151.71
38.5064019, -153.45
38.5183731, -153.45
38.5305929, -151.57
38.5425693, -154.30
38.5551313, -154.30
38.5675023, -152.54
38.579251, -151.71
38.5917676, -153.45
38.6044937, -153.45
38.6164915, -149.75
38.6284861, -151.57
38.6415376, -150.76
38.6500593, -154.37
38.6620239, -152.54
38.673374, -150.76
38.6866012, -150.76
38.6985642, -152.54
38.7112138, -153.45
38.722777, -151.57
38.7349919, -151.57
38.7479559, -156.05
38.759923, -152.54
38.7719716, -151.71
38.7844885, -153.45
38.7969914, -153.45
38.8089593, -149.75
38.8213098, -154.37
38.8340736, -151.71
38.8459824, -152.54
38.8579523, -156.05
38.8704608, -155.24
38.8831394, -150.76
38.8947703, -153.45
38.9037425, -154.37
38.9155269, -156.26
38.9284006, -153.45
38.9399549, -156.26
38.9529193, -153.45
38.9643262, -150.54
38.9774098, -151.57
38.9893403, -151.57
39.0013744, -155.39
39.0141782, -152.46
39.0264024, -154.45
39.0388818, -154.45
39.0504898, -153.45
39.0633682, -155.57
39.0753137, -154.45
39.0882535, -149.43
39.0998885, -152.46
39.1123409, -155.39
39.123952, -152.46
39.137035, -155.39
39.1452743, -154.45
39.1579096, -152.46
39.1695978, -155.39
39.181387, -156.26
39.1939682, -155.39
39.2069337, -155.39
39.2183207, -153.45
39.2312444, -157.39
39.2432234, -160.92
39.2552332, -155.39
39.2684083, -155.39
39.2802136, -156.26
39.2926255, -157.39
39.3049316, -157.39
39.3169777, -157.39
39.3289457, -157.39
39.3418085, -156.51
39.354082, -159.46
39.3664042, -156.51
39.3785368, -155.39
39.3904388, -158.97
39.3994293, -156.26
39.4110884, -158.21
39.4233353, -156.51
39.4361258, -154.45
39.4480935, -159.46
39.4600594, -156.51
39.4730252, -156.51
39.4851382, -156.51
39.4971096, -157.39
39.5093251, -154.45
39.5218078, -154.45
39.5345558, -156.51
39.5474372, -157.39
39.5594114, -154.55
39.5708654, -153.45
39.5829719, -153.45
39.595937, -154.55
39.6079081, -157.76
39.619874, -158.64
39.6318505, -156.81
39.6409939, -155.57
39.6529612, -155.39
39.6650618, -152.46
39.6778767, -154.55
39.6898434, -154.55
39.7018135, -152.37
39.714349, -156.81
39.727046, -154.45
39.739019, -153.45
39.7511502, -160.03
39.7632863, -154.55
39.7759899, -153.45
39.788956, -155.57
39.7999713, -152.37
39.8128667, -155.57
39.8248652, -160.83
39.8378051, -155.57
39.8506882, -155.57
39.862969, -159.16
39.8744337, -156.51
39.8867255, -159.46
39.8947508, -154.45
39.9069635, -154.45
39.9187479, -156.51
39.9311394, -155.57
39.9438842, -160.03
39.9563669, -157.39
39.9684583, -155.57
39.9803738, -156.51
39.9922832, -157.39
40.0057675, -154.45
40.0180336, -158.21
40.0300005, -156.51
40.0414783, -159.46
40.0543146, -158.21
40.0672605, -157.39
40.0790327, -157.39
40.0910008, -152.46
40.1032977, -159.46
40.1159359, -158.21
40.1281064, -155.39
40.1360863, -156.26
40.1480097, -155.39
40.1609788, -155.39
40.1730138, -158.21
40.1854836, -156.26
40.1981211, -159.46
40.2102212, -156.51
40.2217548, -160.83
40.2343699, -155.39
40.2475248, -158.64
40.2586026, -157.39
40.2715609, -157.39
40.2839159, -157.39
40.2965492, -154.45
40.308523, -156.81
40.3205295, -156.51
40.3329626, -154.45
40.3449109, -156.51
40.3573057, -154.45
40.3698911, -157.39
40.381887, -153.45
40.3903181, -160.21
40.402289, -154.45
40.4142549, -156.51
40.4268777, -153.45
40.4388457, -154.45
40.4514419, -157.39
40.4640347, -153.45
40.4759419, -155.57
40.4879066, -153.45
40.500304, -155.39
40.5130733, -155.39
40.5250436, -157.39
40.5380066, -153.45
40.5499747, -155.57
40.5620085, -156.51
40.5740369, -153.45
40.5870854, -155.39
40.5984545, -154.45
40.6114224, -159.46
40.623369, -154.45
40.6316808, -157.39
40.6437142, -156.51
40.6563561, -158.21
40.6682432, -156.51
40.6812179, -156.51
40.6932934, -154.45
40.7057454, -157.39
40.7176179, -158.64
40.7295614, -158.64
40.7422656, -158.64
40.7543977, -156.51
40.76643, -157.39
40.7789215, -153.45
40.7915825, -154.45
40.8040801, -154.45
40.8159615, -155.39
40.8283641, -152.46
40.8409308, -158.64
40.8531631, -155.57
40.8653246, -156.51
40.8773019, -154.45
40.886204, -157.39
40.8981763, -156.51
40.9100296, -161.58
40.9229675, -155.57
40.9350465, -158.64
40.9469792, -157.39
40.958947, -155.57
40.9715358, -157.39
40.9841614, -153.45
40.9960669, -157.39
41.0083364, -156.51
41.0210625, -154.45
41.0330563, -155.39
41.0449954, -157.39
41.0579507, -156.51
41.0701136, -160.03
41.0823648, -158.64
41.0944327, -157.39
41.1063597, -156.51
41.1194201, -154.45
41.1313438, -156.51
41.1392477, -158.64
41.1522237, -155.39
41.1641077, -154.45
41.1763152, -156.51
41.1888309, -158.64
41.2006729, -156.51
41.2135174, -156.51
41.2259491, -160.83
41.2383643, -156.51
41.249809, -160.21
41.262674, -154.45
41.2744493, -157.39
41.2871999, -157.39
41.2995184, -158.64
41.3112396, -157.39
41.3239817, -154.45
41.3362574, -155.39
41.3481437, -155.57
41.3603013, -156.26
41.3733344, -158.64
41.3813576, -157.76
41.3940502, -156.51
41.4060078, -154.45
41.4179749, -159.46
41.4299431, -158.64
41.4429968, -156.51
41.4549747, -156.51
41.4668789, -155.57
41.4797024, -156.51
41.4921543, -157.39
41.5049227, -157.39
41.516654, -158.21
41.5283044, -157.39
41.5413821, -156.51
41.5530739, -157.76
41.5660682, -155.39
41.5781939, -156.51
41.5901684, -155.39
41.6021361, -156.51
41.6143978, -158.64
41.6263545, -154.45
41.6363332, -154.45
41.6479804, -153.45
41.6599449, -158.64
41.6725013, -156.51
41.6846232, -157.39
41.6965117, -155.57
41.7084596, -156.51
41.7210266, -154.45
41.7329965, -157.76
41.7459276, -154.45
41.7581021, -158.64
41.7700695, -155.39
41.7830347, -154.45
41.7951109, -158.64
41.807072, -156.51
41.8191248, -157.39
41.8320897, -156.51
41.8440573, -156.51
41.856418, -156.51
41.8685445, -154.45
41.8764682, -156.51
41.8892855, -158.64
41.9011906, -155.39
41.9134469, -154.45
41.9256183, -158.64
41.9385748, -157.39
41.9505442, -160.83
41.9625781, -156.51
41.975254, -157.39
41.9872657, -157.39
41.9993455, -156.51
42.0123238, -154.55
42.0250268, -154.55
42.0369902, -158.21
42.0489806, -162.27
42.0609212, -158.64
42.0738868, -154.55
42.0858873, -157.39
42.0976712, -154.55
42.1103854, -156.51
42.1222706, -158.64
42.1312391, -152.46
42.1431103, -160.03
42.1550968, -157.39
42.1681226, -156.51
42.1800602, -161.58
42.1920415, -156.51
42.2046301, -156.51
42.2166158, -156.51
42.2286321, -154.45
42.2413999, -157.39
42.25334, -156.51
42.2657108, -158.64
42.2786603, -158.64
42.2907344, -158.64
42.3026161, -155.57
42.3152051, -157.39
42.327857, -155.39
42.3399636, -152.37
42.3519321, -154.45
42.3638992, -156.51
42.3758673, -158.21
42.3838852, -155.57
42.3970791, -155.57
42.4090474, -157.39
42.421977, -159.46
42.4340278, -154.45
42.4460369, -158.64
42.4580711, -156.51
42.470969, -154.45
42.4827103, -154.45
42.4953183, -157.76
42.5073637, -152.37
42.5202107, -154.45
42.5319618, -158.64
42.5449202, -154.45
42.5569016, -154.45
42.5691096, -155.57
42.5810496, -159.46
42.593976, -156.51
42.6060114, -158.64
42.6179126, -157.39
42.625933, -156.51
42.6389754, -158.64
42.6509435, -156.51
42.6640112, -155.57
42.6759552, -156.51
42.6879655, -157.39
42.6999336, -155.39
42.7124628, -154.45
42.7249035, -156.51
42.7373593, -157.39
42.7495392, -159.46
42.7620211, -160.83
42.7739897, -157.39
42.7859569, -153.45
42.7979253, -156.51
42.8118883, -157.39
42.8228592, -158.64
42.8348266, -154.45
42.8477921, -155.39
42.8593638, -160.83
42.8719946, -155.57
42.8809423, -158.64
42.8926471, -158.64
42.9052407, -155.39
42.9171266, -158.64
42.9290706, -156.51
42.9420356, -155.39
42.9544743, -157.39
42.9660833, -155.39
42.9790665, -157.39
42.9910347, -157.39
43.0040019, -156.51
43.0159506, -157.39
43.02822, -156.51
43.0401593, -158.64
43.053076, -159.46
43.0651147, -153.45
43.0770752, -155.57
43.089046, -157.39
43.1011094, -156.51
43.1140989, -159.46
43.1220334, -159.46
43.1340912, -158.64
43.1460542, -158.21
43.1590189, -155.39
43.1719851, -161.58
43.1838926, -157.39
43.1958503, -159.46
43.2074327, -154.45
43.2201359, -162.27
43.2331058, -156.51
43.2450465, -158.97
43.2569892, -157.39
43.2692584, -156.51
43.2817394, -160.21
43.2933329, -156.51
43.3064784, -160.92
43.3185225, -160.21
43.3304812, -158.97
43.3429603, -157.39
43.3554688, -162.27
43.368056, -157.39
43.3760409, -157.39
43.387986, -156.51
43.400954, -162.27
43.4139738, -158.21
43.4254344, -162.27
43.4369023, -157.39
43.4498589, -157.39
43.4618284, -158.64
43.4742987, -160.21
43.4862399, -158.97
43.4991748, -159.46
43.5112059, -155.57
43.5231104, -157.39
43.5353527, -157.39
43.5476464, -154.45
43.5604396, -157.39
43.5730237, -158.21
43.5850369, -155.39
43.5971441, -155.57
43.6087388, -154.45
43.6217483, -157.39
43.6294444, -160.83
43.6428108, -158.21
43.6543302, -156.51
43.6662571, -158.64
43.6792231, -157.39
43.6912328, -154.45
43.7032882, -154.45
43.7163312, -160.21
43.7282979, -157.39
43.7402671, -156.51
43.7532723, -156.51
43.7647549, -159.46
43.7777283, -159.46
43.7896125, -157.39
43.8025775, -154.45
43.8145535, -157.39
43.8264739, -153.45
43.8384411, -156.51
43.8513438, -154.37
43.8633539, -158.64
43.8720128, -159.46
43.8839598, -157.39
43.8960879, -156.26
43.9080874, -157.76
43.9210582, -161.58
43.9330272, -155.57
43.9451403, -158.64
43.9574413, -159.46
43.9696979, -158.21
43.9817265, -161.58
43.994217, -158.64
44.0066825, -160.21
44.0185915, -158.21
44.0312378, -156.51
44.0432349, -160.21
44.0553076, -159.46
44.0683355, -157.39
44.0803911, -157.39
44.0923798, -158.21
44.1047274, -157.39
44.1172733, -158.64
44.1251973, -157.39
44.1373583, -157.39
44.1503236, -157.39
44.1622973, -154.45
44.1745164, -156.51
44.187276, -160.92
44.1993433, -157.76
44.2114361, -160.21
44.2234079, -154.45
44.2359984, -160.03
44.2479378, -157.39
44.2609069, -158.21
44.2728711, -157.39
44.2848441, -158.64
44.2974888, -156.26
44.3094559, -158.64
44.3224395, -157.39
44.3340501, -156.51
44.3469766, -160.83
44.3589454, -155.57
44.3708593, -157.39
44.379727, -156.51
44.3912052, -160.83
44.4041704, -157.39
44.4159126, -158.64
44.4283494, -156.51
44.4410535, -159.46
44.4530813, -156.51
44.4652207, -159.46
44.4781127, -160.21
44.4899802, -154.45
44.5020016, -156.51
44.5139793, -157.39
44.5268224, -162.27
44.5387569, -159.46
44.5515804, -156.81
44.5633331, -159.46
44.5762877, -158.64
44.588368, -157.39
44.600262, -158.64
44.6122582, -155.39
44.6208498, -156.51
44.6330246, -158.21
44.6459799, -154.45
44.6581665, -154.45
44.6697445, -155.57
44.6827093, -158.21
44.6944045, -157.39
44.7069788, -159.46
44.7195821, -161.58
44.7312368, -156.51
44.7440642, -157.39
44.7560204, -156.51
44.7679883, -158.64
44.7809457, -156.51
44.7930527, -156.26
44.8050282, -155.39
44.8180046, -156.51
44.8299721, -161.58
44.8419487, -157.39
44.8540008, -159.46
44.8669747, -157.39
44.8750199, -155.57
44.8869886, -159.46
44.9000366, -157.39
44.9120531, -155.39
44.9240221, -158.21
44.936069, -156.51
44.9489587, -156.51
44.9610754, -158.21
44.9730441, -159.46
44.9859683, -155.39
44.9979293, -154.45
45.0105097, -156.51
45.0225099, -158.64
45.0349961, -157.39
45.0471772, -160.92
45.0591687, -157.39
45.0715549, -158.64
45.0837203, -154.45
45.0958958, -158.21
45.1080637, -161.58
45.1209934, -160.21
45.1289257, -157.39
45.140966, -154.45
45.1539681, -157.39
45.1655961, -158.21
45.177648, -159.46
45.1903922, -154.45
45.2024928, -156.51
45.2152067, -156.51
45.2270085, -156.51
45.2400026, -157.39
45.252109, -158.64
45.264075, -155.39
45.2760761, -155.57
45.2890406, -159.46
45.3010096, -162.27
45.312984, -155.39
45.3249588, -156.51
45.3380075, -157.39
45.3499681, -157.39
45.361976, -158.64
45.3709213, -158.64
45.3829168, -159.46
45.3952951, -159.46
45.4070469, -158.21
45.4199265, -156.51
45.4318951, -160.83
45.4438635, -156.51
45.4570371, -158.21
45.4690067, -158.64
45.4810154, -158.64
45.4929482, -154.45
45.5058751, -155.39
45.5178456, -157.39
45.5308122, -156.51
45.5424892, -159.46
45.5548477, -160.83
45.5671655, -155.39
45.5799813, -155.39
45.5919507, -155.39
45.6041769, -156.51
45.6160366, -160.83
45.6241092, -158.21
45.6371837, -155.57
45.6490334, -155.39
45.6611184, -157.39
45.6732272, -156.51
45.6863873, -158.64
45.6984439, -156.51
45.7101198, -156.51
45.7231124, -156.51
45.7353518, -157.39
45.747307, -155.24
45.7593131, -156.51
45.7721504, -155.57
45.7845925, -155.39
45.796613, -155.39
45.8090465, -154.45
45.8210149, -158.21
45.8329972, -157.39
45.845979, -154.45
45.8580311, -156.51
45.8701279, -159.46
45.8781062, -156.51
45.8906381, -156.51
45.9031946, -157.76
45.9155735, -158.97
45.9280001, -156.51
45.9398601, -158.21
45.9519681, -160.83
45.9639777, -160.83
45.9770467, -157.39
45.9890786, -157.39
46.0010408, -157.39
46.0139586, -156.51
46.0257173, -156.26
46.0385769, -156.51
46.0501007, -154.45
46.063071, -156.51
46.0750411, -155.57
46.0870082, -156.51
46.0990651, -159.46
46.1120309, -158.21
46.1202088, -160.83
46.1321623, -158.21
46.1451244, -155.57
46.1573753, -155.57
46.1692562, -154.55
46.1812379, -155.57
46.1937566, -155.39
46.206308, -155.39
46.218931, -160.83
46.2308288, -157.39
46.2428455, -157.39
46.2557204, -155.39
46.268065, -157.39
46.2800036, -160.83
46.2920101, -158.64
46.3049784, -156.26
46.3169759, -154.45
46.3289883, -158.64
46.3409886, -155.39
46.3529713, -157.39
46.3651669, -156.51
46.3740761, -156.51
46.3863438, -156.51
46.3993867, -158.64
46.4109201, -156.51
46.4230685, -156.51
46.4350021, -157.76
46.44829, -155.39
46.4600723, -157.39
46.4721126, -156.51
46.4848147, -157.39
46.4966632, -158.64
46.5093842, -156.51
46.5214384, -155.39
46.5334414, -157.39
46.5462669, -152.46
46.5592676, -159.46
46.5712776, -156.51
46.5831977, -155.57
46.5952438, -154.45
46.6072524, -160.83
46.615299, -157.39
46.6283384, -154.45
46.6405451, -156.51
46.6525572, -159.46
46.6651001, -156.51
46.6771438, -155.39
46.6893126, -159.46
46.7022502, -160.03
46.7140603, -161.58
46.7269912, -159.46
46.7389883, -159.46
46.7510154, -155.57
46.7628566, -157.39
46.7749399, -156.81
46.7880809, -155.57
46.7998733, -155.57
46.8118843, -158.64
46.8249162, -156.51
46.8369101, -158.21
46.8493511, -156.51
46.8613809, -157.39
46.8695059, -156.51
46.8814977, -162.27
46.8942737, -157.39
46.907205, -158.64
46.9193841, -157.76
46.9313401, -157.39
46.9430295, -153.45
46.9560976, -157.76
46.9680407, -156.51
46.9800738, -157.08
46.9919911, -154.45
47.0049957, -156.51
47.0169642, -156.51
47.029928, -155.39
47.0419246, -156.51
47.0541814, -156.51
47.0663247, -157.39
47.0786473, -156.51
47.0906437, -158.21
47.10266, -153.45
47.1117335, -154.55
47.123788, -158.64
47.1365706, -160.03
47.1481405, -154.45
47.1602635, -156.51
47.1729861, -158.64
47.1851053, -158.64
47.1980675, -157.39
47.2090672, -155.57
47.2214451, -157.39
47.2342123, -154.45
47.2472784, -157.76
47.2585157, -160.83
47.2705533, -156.81
47.2834679, -156.51
47.2963285, -152.37
47.3075893, -156.51
47.3200541, -153.45
47.3320142, -154.45
47.3451604, -156.51
47.3571333, -157.76
47.3664753, -155.57
47.3780867, -156.51
47.3900492, -154.45
47.4021345, -156.51
47.4139049, -157.76
47.4268648, -157.76
47.4387946, -154.45
47.4507992, -156.51
47.4630068, -156.51
47.4759663, -156.51
47.4879279, -152.37
47.4999374, -156.51
47.5126709, -156.51
47.5247604, -159.46
47.5376419, -155.57
47.5493698, -154.45
47.5619426, -156.51
47.5739177, -155.57
47.5868864, -153.45
47.598484, -153.45
47.6111698, -158.64
47.6191977, -160.83
47.6312292, -158.64
47.6436551, -156.51
47.6566233, -159.16
47.6684014, -156.51
47.6804461, -153.45
47.6931413, -153.45
47.7049912, -157.39
47.717111, -158.64
47.7292729, -156.51
47.7418452, -155.39
47.7548098, -154.45
47.7668575, -156.51
47.7790365, -156.51
47.7911225, -157.39
47.8030832, -158.64
47.8161718, -156.51
47.8281161, -157.39
47.8401753, -154.45
47.8521721, -160.83
47.8611851, -158.64
47.8729578, -156.51
47.8855773, -157.39
47.8981754, -160.21
47.9101814, -156.51
47.9220247, -156.51
47.9350312, -160.83
47.9466827, -155.57
47.9594839, -151.40
47.9713961, -156.51
47.9832496, -156.51
47.9964936, -156.51
48.0090407, -156.51
48.0209821, -159.46
48.0325272, -156.51
48.0450961, -155.39
48.0573368, -155.57
48.0699461, -155.57
48.0823611, -156.81
48.0951484, -156.51
48.106262, -154.45
48.1150292, -158.64
48.1271318, -154.45
48.1390786, -155.57
48.1510591, -155.39
48.1640627, -156.51
48.1770681, -154.45
48.1881442, -154.45
48.2011127, -159.46
48.2130806, -155.57
48.2250486, -158.64
48.2380137, -155.57
48.2500195, -156.51
48.2619855, -156.51
48.2750605, -154.45
48.287015, -155.57
48.2990621, -154.45
48.311076, -151.40
48.3240059, -154.45
48.3361336, -154.55
48.3480528, -156.51
48.3610171, -159.46
48.3689958, -159.46
48.3809618, -155.57
48.3929241, -158.64
48.4056452, -152.46
48.4173947, -157.39
48.4302106, -157.39
48.4419883, -157.76
48.4550258, -156.51
48.4670056, -155.57
48.4791051, -154.45
48.4910152, -157.39
48.5039775, -156.51
48.5160977, -160.83
48.5282173, -158.64
48.5408462, -157.39
48.5528039, -159.46
48.5661234, -157.39
48.5770583, -158.64
48.5901631, -154.55
48.6021234, -156.51
48.6101373, -155.57
48.622081, -155.57
48.6343788, -155.57
48.6471008, -155.57
48.6601012, -155.57
48.6720374, -156.51
48.6839886, -154.45
48.6962114, -156.51
48.7081912, -157.76
48.7207922, -155.57
48.7327606, -153.45
48.7456644, -156.51
48.7577348, -154.45
48.7696426, -154.45
48.7826133, -159.46
48.7951635, -154.45
48.8071767, -155.57
48.8191814, -157.39
48.8311535, -157.76
48.84316, -155.57
48.855491, -156.81
48.865002, -154.45
48.8769237, -156.51
48.8888913, -154.55
48.9011803, -155.57
48.9131321, -156.51
48.9261463, -156.51
48.9380355, -158.64
48.9499693, -156.51
48.9629356, -156.51
48.9753131, -158.64
48.9870822, -155.57
48.9995854, -155.57
49.0123343, -155.57
49.0252339, -155.39
49.0358627, -158.64
49.048829, -154.45
49.0608049, -156.51
49.0727949, -159.46
49.0852599, -157.39
49.0971562, -159.46
49.1061329, -158.64
49.1181288, -154.45
49.1300711, -156.51
49.1430345, -159.46
49.1550007, -157.39
49.1670956, -159.46
49.1799963, -157.39
49.1919634, -155.39
49.2039603, -160.03
49.2169241, -156.51
49.2286741, -155.39
49.2411382, -158.64
49.2531954, -158.64
49.2659994, -157.76
49.2779671, -155.57
49.2901624, -159.46
49.3030327, -155.57
49.3151541, -158.21
49.3272837, -156.51
49.3395812, -155.57
49.3516417, -156.51
49.3606249, -156.51
49.3730997, -159.46
49.3853343, -154.45
49.3970107, -157.76
49.4095129, -160.03
49.4222473, -156.51
49.4342031, -154.45
49.445934, -156.51
49.4579581, -157.39
49.4708898, -161.58
49.4828572, -156.51
49.495848, -160.83
49.5077695, -154.45
49.5203894, -157.39
49.5317879, -156.51
49.5451219, -154.45
49.5560916, -156.51
49.5690272, -159.46
49.5819938, -158.64
49.5939646, -158.64
49.6019392, -159.46
49.6140185, -159.46
49.6259662, -158.64
49.638847, -156.51
49.6508153, -160.83
49.6637822, -154.45
49.6752333, -154.45
49.6871205, -156.51
49.7001207, -156.51
49.7120884, -156.51
49.7240792, -157.76
49.7366132, -155.57
49.7489623, -160.83
49.7609974, -155.57
49.7739657, -155.57
49.7862551, -156.51
49.7982276, -157.39
49.8102291, -154.55
49.8222334, -157.39
49.8348269, -155.39
49.8470434, -153.45
49.854953, -154.55
49.8679867, -156.51
49.8799532, -156.51
49.8919647, -156.51
49.9047218, -156.51
49.9167094, -156.51
49.9286543, -157.76
49.9412734, -159.46
49.9532465, -157.39
49.9662708, -155.39
49.9784671, -156.51
49.9903356, -156.51
50.0030919, -156.51
50.0151347, -158.64
50.027307, -157.76
50.039337, -158.64
50.052303, -156.51
50.063361, -153.45
50.0767241, -153.45
50.0886923, -151.20
50.1011853, -154.55
50.1093071, -158.64
50.1212833, -152.37
50.1332364, -159.46
50.1459539, -157.39
50.1589222, -157.39
50.170891, -156.51
50.1828601, -154.55
50.1951486, -154.45
50.2080862, -154.45
50.2201452, -157.39
50.2321389, -154.45
50.2449168, -156.51
50.2564716, -156.51
50.2694359, -154.45
50.2813337, -154.55
50.2934286, -157.39
50.3054068, -155.57
50.3178871, -155.57
50.3308521, -156.51
50.3429048, -156.26
50.3510474, -160.21
50.3630167, -158.64
50.3753812, -155.39
50.3880784, -159.46
50.4001105, -156.51
50.4130757, -157.39
50.4251259, -157.39
50.4370115, -154.45
50.4490323, -153.45
50.4612434, -160.83
50.4742082, -155.39
50.4863003, -155.39
50.49836, -155.39
50.5105772, -155.57
50.5235926, -154.45
50.5354514, -160.21
50.5474196, -156.51
50.5593894, -159.46
50.5723519, -154.45
50.5843299, -158.64
50.5962247, -154.45
50.6052221, -155.39
50.617188, -157.39
50.6296931, -157.39
50.6422937, -157.39
50.654484, -156.51
50.6666275, -155.57
50.6783168, -155.57
50.6912002, -155.57
50.7037953, -157.39
50.7153789, -160.21
50.7278174, -155.39
50.7413695, -154.45
50.752967, -156.51
50.7645199, -154.45
50.7770529, -155.39
50.7889814, -156.51
50.801863, -156.51
50.8142352, -156.51
50.8262309, -157.08
50.8382608, -158.64
50.8465441, -157.39
50.8585591, -157.39
50.8710724, -157.39
50.8830747, -156.26
50.8960462, -156.51
50.9080205, -157.39
50.920953, -157.39
50.9322287, -156.51
50.9449497, -156.26
50.9571839, -156.51
50.9691404, -156.51
50.9820695, -161.58
50.9941548, -157.39
51.0061233, -157.39
51.018092, -156.51
51.0312473, -159.46
51.0427119, -160.21
51.0554615, -157.39
51.067327, -154.45
51.0793576, -157.76
51.0922942, -156.51
51.1010507, -154.45
51.1130187, -157.39
51.1252678, -153.45
51.1370922, -156.51
51.1500612, -156.51
51.1622213, -155.39
51.1741573, -157.39
51.1870297, -159.46
51.1989983, -155.39
51.2109687, -157.39
51.2239618, -161.58
51.2355144, -158.64
51.2483652, -155.39
51.2610436, -159.46
51.2720105, -155.57
51.284976, -157.39
51.2971497, -155.39
51.3094334, -154.45
51.321667, -158.64
51.3332001, -157.39
51.3423805, -155.57
51.3544901, -157.39
51.3670675, -155.39
51.3794706, -156.51
51.3909105, -156.51
51.4038748, -157.39
51.4161435, -158.21
51.4283169, -158.21
51.4402415, -160.21
51.4533591, -158.64
51.4653496, -158.64
51.4772561, -155.39
51.4897717, -158.64
51.5022841, -159.46
51.514057, -160.21
51.5259788, -156.26
51.5389439, -155.57
51.5509115, -158.21
51.56288, -158.64
51.5758801, -155.39
51.5880943, -160.03
51.5965514, -157.39
51.6085445, -159.46
51.6213094, -156.51
51.6333047, -161.58
51.6456925, -159.46
51.6571521, -158.64
51.6702729, -156.51
51.6824359, -156.51
51.6944738, -158.64
51.7064933, -156.51
51.7184672, -157.39
51.7314303, -155.39
51.7433982, -156.26
51.7562815, -156.51
51.7682914, -154.45
51.7803098, -156.51
51.7933081, -158.64
51.805029, -156.51
51.8169317, -161.58
51.8298567, -161.58
51.8418228, -161.58
51.8498213, -159.46
51.8619143, -156.51
51.8748854, -161.58
51.8871529, -157.39
51.8992393, -157.08
51.9112369, -156.51
51.9233223, -157.39
51.9363776, -157.39
51.9484152, -155.39
51.9603943, -160.83
51.9725406, -162.27
51.9849267, -160.21
51.9978553, -157.39
52.0098041, -155.39
52.0227166, -160.83
52.0343255, -157.39
52.0464621, -155.39
52.0592402, -157.39
52.071276, -159.46
52.0832314, -156.51
52.0913514, -155.57
52.1043681, -155.39
52.116316, -155.39
52.1283574, -156.26
52.1414368, -157.39
52.1532877, -155.39
52.165201, -153.45
52.1781696, -156.51
52.1906225, -155.39
52.2026534, -154.45
52.2150234, -155.39
52.2269806, -159.46
52.2390322, -157.39
52.2510229, -158.97
52.2639578, -158.64
52.276079, -155.57
52.2891423, -157.39
52.3011152, -159.46
52.313038, -156.51
52.3250121, -159.46
52.3369684, -159.46
52.346095, -155.39
52.3580268, -156.51
52.3708908, -157.39
52.382849, -159.46
52.3943924, -158.21
52.4070777, -156.51
52.4190466, -160.21
52.4320438, -158.21
52.444126, -159.46
52.4564303, -159.46
52.4684028, -159.46
52.4807224, -154.45
52.4927166, -158.21
52.5048735, -164.37
52.5178228, -156.26
52.5299906, -156.51
52.5419835, -157.39
52.5539091, -157.39
52.566955, -157.39
52.5789214, -157.39
52.5870334, -155.39
52.6000353, -155.39
52.6121151, -162.27
52.6240168, -156.51
52.6360676, -161.58
52.6490678, -156.51
52.6614814, -158.64
52.673775, -156.51
52.685656, -156.51
52.6973712, -159.46
52.7103896, -159.46
52.7222929, -158.21
52.735177, -161.58
52.7473354, -157.39
52.7593176, -155.39
52.7713236, -157.39
52.7835337, -158.21
52.7963331, -160.21
52.808309, -159.46
52.8203283, -160.21
52.8333235, -158.21
52.8413265, -160.21
52.8532859, -158.97
52.8659984, -159.46
52.878109, -161.58
52.8900621, -160.21
52.9029618, -160.92
52.9151496, -158.97
52.927191, -158.21
52.9394699, -158.97
52.952233, -160.92
52.9643526, -160.92
52.976124, -158.97
52.9886777, -158.21
53.0012708, -157.39
53.0132294, -156.26
53.0254871, -156.26
53.0374786, -157.08
53.0504285, -157.39
53.0623717, -155.39
53.0740838, -162.27
53.0870201, -159.46
53.094951, -158.21
53.1078601, -158.64
53.1198355, -155.39
53.1318537, -160.92
53.1438224, -157.39
53.1567876, -158.97
53.1688097, -157.08
53.1807767, -158.21
53.1937491, -159.46
53.2061856, -156.26
53.2181072, -160.92
53.2300737, -160.21
53.2430395, -160.21
53.2549711, -161.58
53.2669498, -158.97
53.2799098, -157.39
53.2918772, -155.39
53.3044502, -159.46
53.3167856, -160.92
53.3285685, -156.51
53.3371934, -157.39
53.3494394, -158.21
53.3613002, -157.39
53.3739346, -162.27
53.3856193, -156.51
53.3982706, -156.26
53.4103947, -159.46
53.4223155, -155.39
53.4349979, -159.46
53.4469913, -157.39
53.4599287, -162.91
53.4719369, -157.39
53.4840328, -157.39
53.4959966, -158.21
53.5091846, -157.39
53.5210596, -156.26
53.5330596, -158.21
53.5454413, -159.46
53.5579885, -158.21
53.5701989, -160.21
53.582174, -156.51
53.5911302, -158.21
53.6032374, -158.21
53.6156055, -158.21
53.6275019, -156.26
53.6400932, -155.39
53.6519616, -160.21
53.6649136, -157.39
53.6767285, -161.58
53.6896359, -157.39
53.7012559, -158.97
53.7130959, -159.46
53.7261368, -160.21
53.7377569, -160.21
53.7502611, -158.21
53.7622562, -157.39
53.7752577, -157.39
53.7872701, -158.97
53.7992373, -162.91
53.8122566, -158.97
53.8242842, -161.58
53.8362776, -155.39
53.8442841, -156.26
53.8572991, -157.39
53.8692712, -158.21
53.8811685, -157.39
53.893305, -162.27
53.9064116, -157.39
53.9184806, -161.58
53.930451, -157.39
53.9424587, -160.92
53.9547747, -158.64
53.9676903, -162.91
53.9799692, -162.91
53.9919469, -162.27
54.0049005, -158.21
54.0168378, -161.58
54.0285521, -158.21
54.0410839, -159.46
54.053052, -158.21
54.0660171, -158.97
54.0779857, -160.21
54.0859645, -157.39
54.0989284, -157.39
54.1108974, -161.58
54.1235401, -162.27
54.1350557, -157.39
54.1476349, -159.46
54.1599205, -156.51
54.1718196, -157.08
54.1849751, -160.21
54.1967583, -158.21
54.2087959, -157.08
54.2211729, -162.27
54.2339921, -156.51
54.2460907, -162.27
54.2579699, -158.21
54.2709392, -162.27
54.2829069, -160.21
54.2949802, -159.46
54.3079423, -156.51
54.3194822, -158.97
54.3316102, -160.21
54.3396935, -160.92
54.3523243, -158.21
54.3648546, -157.39
54.3775101, -160.92
54.3894998, -156.26
54.4020886, -157.39
54.4139784, -160.92
54.4259068, -157.39
54.4388352, -158.97
54.4508403, -157.39
54.4628575, -158.21
54.4760161, -158.64
54.4879849, -158.21
54.5001353, -159.46
54.5119675, -157.39
54.5249097, -157.39
54.5368752, -161.58
54.548684, -157.39
54.561531, -158.21
54.5733603, -158.21
54.5862598, -161.58
54.5942436, -160.92
54.6072749, -160.21
54.6182695, -159.46
54.6312063, -157.39
54.6435506, -157.08
54.6566303, -158.21
54.6683625, -158.64
54.6803744, -158.64
54.6925096, -162.91
54.7051211, -156.51
54.7171675, -158.21
54.7291852, -158.64
54.7418211, -161.58
54.7538393, -162.27
54.7663954, -159.46
54.7784606, -160.83
54.790414, -159.46
54.8035813, -159.46
54.8155122, -159.46
54.827393, -161.58
54.8363953, -160.21
54.8483122, -158.97
54.8602845, -158.64
54.872652, -160.83
54.8856301, -157.39
54.8974941, -162.27
54.9095011, -157.39
54.9220561, -158.21
54.934025, -156.51
54.9469887, -157.85
54.9589841, -157.39
54.9710886, -158.64
54.9830268, -156.51
54.996262, -161.58
55.0082339, -157.39
55.0202379, -156.51
55.0322758, -158.64
55.0452591, -156.26
55.0564534, -157.39
55.0693981, -161.58
55.0811913, -159.46
55.090167, -160.21
55.1021369, -159.46
55.114354, -157.39
55.1264618, -157.39
55.1394412, -159.46
55.1513725, -158.21
55.1633765, -157.39
55.1760582, -157.39
55.1877663, -159.46
55.2007337, -157.39
55.2127358, -158.64
55.2252017, -158.21
55.237299, -156.26
55.2493109, -158.21
55.2613219, -155.39
55.274306, -155.39
55.2865487, -156.51
55.2984297, -159.46
55.3103973, -159.46
55.3233631, -160.21
55.3353319, -161.58
55.3443113, -158.97
55.3562897, -155.39
55.3685335, -156.51
55.3803264, -159.46
55.393192, -158.64
55.405165, -158.21
55.4171506, -158.21
55.4300882, -154.45
55.4420958, -158.64
55.4540669, -157.39
55.4660618, -157.39
55.4790278, -154.45
55.4915314, -159.46
55.503462, -159.46
55.5162818, -158.21
55.5283672, -157.39
55.5403377, -159.46
55.5529648, -161.58
55.5648186, -157.08
55.577087, -158.21
55.5891018, -158.21
55.5980696, -158.21
55.610209, -157.39
55.6224755, -159.46
55.6351872, -157.39
55.646522, -160.83
55.6594872, -157.39
55.6715147, -160.21
55.6841482, -157.39
55.6962346, -157.39
55.7082129, -158.64
55.7202186, -157.39
55.7330047, -159.46
55.7457445, -158.64
55.757767, -160.83
55.7697778, -158.97
55.7820273, -155.39
55.7950913, -157.39
55.8061507, -159.46
55.8191393, -158.97
55.8310453, -159.46
55.8390247, -157.39
55.8519914, -159.46
55.8639576, -156.51
55.8759927, -156.26
55.8884741, -160.21
55.9003448, -158.97
55.9132867, -157.39
55.9251672, -162.27
55.9378371, -156.51
55.9502408, -157.76
55.9624314, -157.39
55.9743042, -157.39
55.9863694, -158.64
55.999011, -157.39
56.0108525, -156.51
56.023791, -158.21
56.0355758, -160.21
56.0482997, -158.64
56.060614, -159.46
56.0722888, -156.51
56.0850636, -160.03
56.0930424, -157.39
56.1059781, -159.46
56.1178485, -160.21
56.1298163, -157.39
56.1427821, -159.46
56.1546986, -161.58
56.1664091, -161.58
56.1793005, -160.21
56.1914672, -157.39
56.2034365, -156.51
56.2157232, -157.39
56.2284062, -156.51
56.2403853, -159.46
56.2537668, -156.51
56.2657696, -162.91
56.2775416, -163.08
56.2895149, -156.51
56.3024913, -157.39
56.314456, -159.46
56.3264231, -157.39
56.3386455, -159.46
56.3474362, -160.21
56.3592021, -159.46
56.3722897, -160.21
56.3842147, -157.39
56.3960979, -155.39
56.4090709, -158.21
56.4210586, -159.46
56.4668963, -156.51
56.480246, -162.27
56.484456, -158.21
56.4854482, -162.27
56.4854482, -157.39
56.4953528, -156.26
56.5064553, -158.21
56.5194264, -156.26
56.5316464, -158.21
56.5443311, -156.51
56.5561355, -162.27
56.5680669, -161.58
56.5800885, -160.92
56.5889737, -157.39
56.6010124, -160.21
56.6139107, -159.46
56.6255183, -156.51
56.6381468, -158.64
56.6501265, -159.46
56.6630953, -159.46
56.6752544, -158.21
56.6880274, -155.39
56.6989956, -162.27
56.71197, -161.58
56.7250102, -158.97
56.7366288, -159.46
56.7483051, -157.39
56.7609904, -160.83
56.7729604, -158.21
56.7853165, -157.39
56.7980246, -156.51
56.8099933, -158.21
56.8218925, -160.21
56.8348579, -158.64
56.8428369, -158.21
56.854784, -158.97
56.867757, -157.39
56.8797111, -158.21
56.8919469, -158.21
56.9049322, -157.39
56.9163302, -155.39
56.9292965, -157.39
56.9410425, -161.58
56.9530457, -157.39
56.9660108, -155.39
56.9779787, -157.39
56.9899489, -158.21
57.0027268, -160.21
57.0147099, -158.97
57.0266115, -158.21
57.0394237, -155.39
57.051926, -157.39
57.0648919, -158.21
57.0761378, -159.46
57.0882521, -158.21
57.0963306, -160.21
57.1093061, -158.21
57.1213645, -157.39
57.133974, -156.26
57.1462546, -157.39
57.1583318, -155.39
57.1703903, -158.21
57.1826934, -160.21
57.1953873, -157.39
57.2077439, -157.39
57.2197513, -158.64
57.2317358, -156.51
57.2447387, -160.21
57.2568581, -155.39
57.268879, -153.45
57.2808107, -158.64
57.2933508, -157.39
57.3057777, -158.64
57.3178109, -157.39
57.3297834, -157.39
57.3427538, -157.39
57.3507307, -161.58
57.3636981, -157.39
57.3756256, -157.39
57.3879363, -153.45
57.3999436, -159.46
57.4116513, -158.21
57.4250411, -156.51
57.4362231, -158.21
57.4492501, -158.64
57.4613678, -160.83
57.4740612, -159.46
57.4860168, -156.51
57.4980181, -154.45
57.5099869, -157.39
57.5223781, -155.39
57.534896, -152.46
57.5474433, -158.64
57.5594505, -160.83
57.57151, -157.76
57.5841975, -155.57
57.5922516, -157.39
57.6049821, -157.39
57.6164525, -157.39
57.6294107, -160.83
57.6414353, -156.51
57.6535202, -157.39
57.6663875, -156.26
57.6786775, -160.83
57.6907076, -157.39
57.7033191, -157.39
57.715169, -158.64
57.7275171, -157.39
57.7402846, -155.57
57.7522541, -156.51
57.7642296, -156.51
57.7762027, -156.51
57.7891726, -156.51
57.8011405, -156.51
57.8131807, -154.45
57.8251947, -157.39
57.8381957, -158.64
57.846198, -158.21
57.8581219, -160.21
57.8711109, -157.39
57.8831472, -156.51
57.895141, -160.83
57.9080865, -162.91
57.9200545, -157.39
57.9322375, -155.39
57.9443449, -159.46
57.957296, -159.46
57.9691601, -162.27
57.9811289, -161.58
57.9940633, -158.21
58.0060343, -159.46
58.0179161, -158.21
58.0309178, -155.39
58.043884, -157.39
58.0553404, -161.58
58.067451, -159.46
58.0800282, -161.58
58.0916972, -157.39
58.1003569, -158.21
58.1123542, -158.64
58.1251831, -158.64
58.1371924, -156.26
58.1492187, -159.46
58.1621257, -157.39
58.1740936, -162.91
58.1860903, -156.26
58.1980333, -157.39
58.2109953, -157.39
58.2228087, -160.21
58.235768, -157.39
58.247736, -161.58
58.2596027, -158.21
58.2729562, -157.39
58.2847384, -158.21
58.2967066, -156.26
58.3086743, -157.39
58.321295, -156.51
58.3332937, -155.39
58.3429322, -158.21
58.3539277, -158.21
58.3662407, -157.39
58.3783898, -162.27
58.3913357, -157.39
58.4036101, -156.51
58.4151811, -156.26
58.4280762, -157.39
58.4404015, -159.46
58.4522914, -160.21
58.4642573, -158.21
58.4771925, -155.39
58.4896982, -157.39
58.5022568, -157.39
58.5141169, -157.39
58.5260855, -160.21
58.5379941, -158.21
58.5509589, -158.21
58.5629538, -160.83
58.5749856, -155.39
58.5869479, -159.46
58.5955133, -160.83
58.6085036, -157.39
58.6205621, -159.46
58.632396, -157.39
58.6450568, -157.39
58.6570248, -155.39
58.6693302, -157.39
58.6819196, -157.39
58.6939412, -157.39
58.7058536, -155.57
58.7188176, -157.39
58.730785, -159.46
58.7427538, -162.91
58.7557307, -161.58
58.7681881, -157.39
58.7801561, -162.27
58.7922013, -161.58
58.8043302, -161.58
58.8169361, -157.39
58.8294558, -157.39
58.8415839, -157.39
58.85015, -156.51
58.8617872, -157.39
58.874755, -156.51
58.8868445, -157.39
58.8989006, -157.39
58.911871, -157.39
58.9238307, -155.39
58.9357992, -160.21
58.94772, -157.39
58.9604448, -159.46
58.9729898, -158.64
58.9848843, -157.39
58.9968481, -159.46
59.0098128, -159.46
59.0217792, -157.39
59.034386, -158.21
59.0459736, -158.21
59.0580574, -156.51
59.0713124, -157.39
59.0832798, -158.21
59.0912589, -160.21
59.10328, -159.46
59.1156345, -159.46
59.1283607, -161.58
59.1404948, -156.51
59.1525489, -156.51
59.1647215, -156.51
59.1773539, -156.51
59.1897105, -159.46
59.2021327, -157.39
59.2141454, -157.39
59.2262062, -159.46
59.2392204, -157.39
59.2509901, -159.46
59.2630103, -155.39
59.2760089, -157.39
59.2880439, -159.46
59.2999916, -157.39
59.31196, -159.46
59.3249494, -159.46
59.3368959, -160.92
59.3448912, -163.08
59.3578881, -158.97
59.3698568, -157.39
59.3824887, -159.69
59.3946517, -162.91
59.4063999, -161.58
59.4193694, -160.21
59.4313438, -158.21
59.4432944, -160.92
59.4562558, -162.91
59.4682234, -158.21
59.4813258, -158.21
59.4923001, -160.21
59.5053448, -162.27
59.5173126, -164.94
59.5292811, -160.21
59.5422461, -160.21
59.5540478, -159.69
59.5664103, -160.21
59.5784092, -159.46
59.5903332, -160.21
59.5993128, -158.97
59.6113218, -158.97
59.6239263, -160.92
59.6358918, -158.97
59.6480059, -157.39
59.6609308, -162.27
59.6725946, -160.21
59.6851383, -158.97
59.6971082, -158.97
59.7099605, -159.46
59.7219255, -162.27
59.7346792, -162.91
59.7462844, -158.97
59.7593686, -159.69
59.7713737, -158.97
59.7834364, -163.75
59.7961448, -162.27
59.8081065, -157.39
59.8200909, -160.21
59.8321493, -157.39
59.8451147, -161.58
59.8530931, -158.97
59.8650758, -158.97
59.8781325, -158.21
59.8906036, -159.69
59.9023651, -162.91
59.9145524, -160.21
59.9268016, -157.39
59.939504, -162.27
59.9514976, -160.92
59.9634751, -158.97
59.9764655, -160.92
59.988336, -161.58
60.0008185, -159.69
60.0127851, -163.75
60.0255166, -158.97
60.0375444, -160.92
60.049524, -160.21
60.0622601, -160.21
60.0744761, -160.92
60.0862895, -161.58
60.0947375, -159.46
60.1068185, -157.39
60.119978, -157.39
60.1311815, -156.26
60.144118, -159.46
60.1560908, -159.46
60.1690343, -157.39
60.1811868, -162.91
60.1931126, -157.39
60.2051448, -164.94
60.2181076, -156.51
60.2294783, -163.75
60.2424857, -157.39
60.2541789, -156.51
60.2672367, -157.39
60.2792288, -158.21
60.2911959, -158.64
60.3035349, -158.21
60.3156947, -157.39
60.3287792, -157.76
60.3404444, -159.46
60.3492985, -156.51
60.3612685, -158.64
60.3732769, -160.83
60.3857964, -161.58
60.3977867, -158.21
60.4107304, -155.39
60.4226993, -158.64
60.434938, -158.21
60.4469078, -157.39
60.4594664, -159.46
60.4728673, -155.39
60.4838347, -161.58
60.4971575, -157.39
60.5091262, -159.46
60.5215134, -157.39
60.5340841, -159.46
60.5459943, -158.21
60.5579629, -159.46
60.5699298, -162.27
60.5825478, -155.39
60.5945757, -159.46
60.6025502, -160.21
60.6150604, -158.21
60.6270041, -160.03
60.6401318, -158.21
60.6521004, -160.21
60.6642818, -159.46
60.6760287, -159.46
60.689017, -158.21
60.7009755, -160.21
60.7129457, -162.91
60.7252269, -162.27
60.7381939, -158.97
60.7501654, -157.39
60.7621602, -160.21
60.7744122, -160.92
60.7874393, -156.26
60.7992893, -158.21
60.811325, -160.92
60.8233559, -160.21
60.8357212, -160.21
60.848703, -158.97
60.8566841, -160.21
60.8686911, -157.39
60.8815431, -158.21
60.8935497, -159.46
60.9059365, -160.21
60.9188973, -160.21
60.9298667, -157.39
60.9428345, -161.58
60.9552039, -158.97
60.9671714, -157.39
60.9793934, -160.21
60.9918046, -161.58
61.004764, -160.21
61.016737, -163.51
61.0297802, -156.26
61.0406549, -160.21
61.0530203, -161.58
61.0654723, -160.92
61.0780151, -160.92
61.0899816, -160.92
61.0989592, -160.92
61.1109257, -160.21
61.1228942, -160.21
61.13524, -160.21
61.1478584, -160.21
61.1593727, -158.21
61.1719904, -160.92
61.1839585, -161.58
61.196747, -160.21
61.2090446, -162.27
61.2210797, -160.92
61.2329841, -161.58
61.2458259, -160.92
61.2582586, -160.92
61.2702314, -162.91
61.2822035, -161.58
61.2951731, -160.92
61.3077877, -160.21
61.3197755, -162.27
61.3313941, -160.92
61.3439027, -160.92
61.3518815, -160.92
61.3642775, -157.39
61.3762723, -159.69
61.3893049, -160.21
61.4009524, -158.97
61.4139186, -159.46
61.4262998, -160.92
61.4378829, -161.58
61.4509014, -159.46
61.4628683, -162.91
61.4758391, -157.39
61.4878073, -162.91
61.4998, -162.91
61.5117839, -155.39
61.5247383, -157.39
61.5366052, -159.46
61.5486472, -162.91
61.5613133, -160.21
61.5736119, -162.91
61.5862747, -158.97
61.5979479, -158.97
61.606927, -161.58
61.6189068, -157.39
61.6308754, -158.97
61.6428434, -160.21
61.6558117, -160.21
61.6674725, -158.97
61.6802583, -157.39
61.691884, -158.97
61.7046161, -158.97
61.7172807, -157.08
61.7292848, -161.58
61.7413524, -160.92
61.7538699, -159.69
61.7664738, -161.58
61.7779629, -162.27
61.7909286, -159.69
61.8026766, -162.91
61.8151654, -160.92
61.8271352, -158.21
61.8394583, -160.92
61.8520131, -162.91
61.908283, -160.92
61.9162469, -157.39
61.9182002, -158.97
61.9241824, -160.92
61.9352519, -162.27
61.9361643, -158.97
61.9421351, -162.27
61.9461259, -158.97
61.958112, -160.21
61.9755347, -160.92
61.9830457, -158.97
61.9960123, -158.97
62.0079964, -164.94
62.0199466, -162.91
62.0325272, -160.92
62.0441649, -160.21
62.0571259, -160.92
62.0701178, -162.91
62.0810883, -162.27
62.0930569, -158.97
62.1060221, -160.92
62.1163117, -160.92
62.126968, -162.91
62.1389457, -160.21
62.1514855, -162.91
62.163454, -162.27
62.1754239, -158.97
62.1883879, -160.92
62.1999505, -158.97
62.2118493, -156.26
62.2244615, -158.21
62.236973, -158.21
62.2489411, -158.97
62.2612885, -158.97
62.2735617, -161.58
62.2856701, -159.69
62.2983872, -157.39
62.3103247, -162.91
62.3226491, -159.46
62.3348848, -162.27
62.3473029, -160.92
62.3559473, -157.39
62.3679142, -158.21
62.3806228, -161.58
62.3930581, -160.92
62.405346, -158.21
62.4170547, -160.92
62.4290233, -158.21
62.4421733, -162.91
62.4538568, -161.58
62.4666215, -162.91
62.4789864, -160.21
62.4909554, -161.58
62.5030592, -163.75
62.5160199, -158.97
62.5274012, -157.39
62.5400567, -162.91
62.5521756, -157.39
62.5643066, -156.26
62.5771876, -157.39
62.5886158, -159.46
62.601208, -160.92
62.6094358, -161.58
62.6214344, -158.21
62.6345609, -161.58
62.6468081, -157.39
62.6587775, -162.27
62.6707418, -158.97
62.6837085, -158.97
62.6966714, -160.92
62.7076818, -160.21
62.7200363, -157.39
62.7323693, -162.27
62.7448251, -158.97
62.757193, -158.97
62.7696432, -157.39
62.7820727, -159.46
62.7940403, -158.97
62.8060086, -160.21
62.8180393, -156.26
62.8309418, -160.21
62.8429136, -160.21
62.8547791, -157.39
62.8642715, -162.27
62.8757132, -158.97
62.8884172, -159.46
62.9004152, -158.97
62.9131106, -162.27
62.9251439, -158.97
62.9370588, -157.39
62.9500382, -157.39
62.9620417, -157.39
62.9740126, -162.27
62.9864049, -157.76
62.9989225, -157.39
63.0108899, -162.91
63.0236431, -159.69
63.0359668, -160.21
63.0479493, -157.08
63.0599011, -160.21
63.0728741, -161.58
63.0848889, -158.97
63.0969005, -158.21
63.1092534, -160.92
63.1177753, -159.46
63.1297433, -161.58
63.1422596, -159.46
63.1540899, -155.39
63.1668558, -160.92
63.178825, -158.21
63.1915912, -158.64
63.2039311, -155.39
63.2159311, -158.97
63.2278697, -158.97
63.240107, -160.92
63.2530742, -157.39
63.2650417, -158.21
63.2769897, -163.75
63.2899196, -161.58
63.3018872, -155.39
63.3148899, -160.92
63.3258309, -160.21
63.3381968, -154.45
63.351048, -160.83
63.3590577, -160.21
63.3719945, -160.21
63.3839591, -157.39
63.3960487, -156.51
63.4082689, -160.92
63.420697, -156.26
63.4333103, -160.83
63.445504, -157.39
63.4573035, -160.21
63.4692732, -161.58
63.4825912, -156.51
63.4949487, -160.21
63.5060101, -157.39
63.5191246, -158.21
63.5310313, -160.21
63.5439661, -156.26
63.5559338, -158.21
63.567609, -155.39
63.5802831, -158.64
63.5923864, -155.39
63.6050781, -159.69
